test/Ashload_Gede_VEI4_geographic.asc
ncols         151
nrows         150
xllcorner     106.07140375224
yllcorner     -7.697097307546
cellsize      0.012184287918694
NODATA_value  -9999
[rows 0 to 32 of 150, columns 0 to 74 of 151]
-9999 -9999 -9999 -9999 -9999 -9999 -9999 -9999 -9999 -9999 -9999 -9999 -9999 0 0 0 0 0 0 0 0 0 0 0 0 0 0 0 0 0 0 0 0 0 0 0 0 0 0 0 0 0 0 0 0 0 0 0 0 0 0 0 0 0 0 0 0 0 0 0 0 0 0 0 0 0 0 0 0 0 0 0 0 0 0
0 0 0 0 0 0 0 0 0 0 0 0 0 0 0 0 0 0 0 0 0 0 0 0 0 0 0 0 0 0 0 0 0 0 0 0 0 0 0 0 0 0 0 0 0 0 0 0 0 0 0 0 0 0 0 0 0 0 0 0 0 0 0 0 0 0 0 0 0 0 0 0 0 0 0
0 0 0 0 0 0 0 0 0 0 0 0 0 0 0 0 0 0 0 0 0 0 0 1e-006 1e-006 1e-006 1e-006 1e-006 1e-006 1e-006 1e-006 1e-006 1e-006 1e-006 1e-006 1e-006 0 0 0 0 0 0 0 0 0 0 0 0 0 0 0 0 0 0 0 0 0 0 0 0 0 0 0 0 0 0 0 0 0 0 0 0 0 0 0
0 0 0 0 0 0 0 0 0 0 0 0 0 0 0 0 0 0 0 0 1e-006 1e-006 1e-006 1e-006 1e-006 1e-006 1e-006 1e-006 1e-006 1e-006 1e-006 1e-006 1e-006 1e-006 1e-006 1e-006 1e-006 1e-006 1e-006 0 0 0 0 0 0 0 0 0 0 0 0 0 0 0 0 0 0 0 0 0 0 0 0 0 0 0 0 0 0 0 0 0 0 0 0
0 0 0 0 0 0 0 0 0 0 0 0 0 0 0 0 0 0 1e-006 1e-006 1e-006 1e-006 1e-006 1e-006 1e-006 2e-006 2e-006 2e-006 2e-006 2e-006 2e-006 2e-006 2e-006 2e-006 2e-006 1e-006 1e-006 1e-006 1e-006 1e-006 1e-006 1e-006 0 0 0 0 0 0 0 0 0 0 0 0 0 0 0 0 0 0 0 0 0 0 0 0 0 0 0 0 0 0 0 0 0
0 0 0 0 0 0 0 0 0 0 0 0 0 0 0 0 1e-006 1e-006 1e-006 1e-006 1e-006 1e-006 2e-006 2e-006 2e-006 2e-006 3e-006 3e-006 3e-006 3e-006 3e-006 3e-006 3e-006 3e-006 2e-006 2e-006 2e-006 2e-006 1e-006 1e-006 1e-006 1e-006 1e-006 1e-006 0 0 0 0 0 0 0 0 0 0 0 0 0 0 0 0 0 0 0 0 0 0 0 0 0 0 0 0 0 0 0
0 0 0 0 0 0 0 0 0 0 0 0 0 0 1e-006 1e-006 1e-006 1e-006 1e-006 2e-006 2e-006 2e-006 3e-006 3e-006 3e-006 4e-006 4e-006 4e-006 4e-006 4e-006 4e-006 4e-006 4e-006 4e-006 4e-006 3e-006 3e-006 3e-006 2e-006 2e-006 2e-006 1e-006 1e-006 1e-006 1e-006 0 0 0 0 0 0 0 0 0 0 0 0 0 0 0 0 0 0 0 0 0 0 0 0 0 0 0 0 0 0
0 0 0 0 0 0 0 0 0 0 0 0 1e-006 1e-006 1e-006 1e-006 1e-006 2e-006 2e-006 2e-006 3e-006 3e-006 4e-006 4e-006 5e-006 6e-006 6e-006 6e-006 7e-006 7e-006 7e-006 7e-006 7e-006 6e-006 6e-006 5e-006 5e-006 4e-006 4e-006 3e-006 3e-006 2e-006 2e-006 1e-006 1e-006 1e-006 1e-006 0 0 0 0 0 0 0 0 0 0 0 0 0 0 0 0 0 0 0 0 0 0 0 0 0 0 0 0
0 0 0 0 0 0 0 0 0 0 1e-006 1e-006 1e-006 1e-006 1e-006 2e-006 2e-006 2e-006 3e-006 4e-006 4e-006 5e-006 6e-006 7e-006 7e-006 8e-006 9e-006 1e-005 1e-005 1e-005 1e-005 1e-005 1e-005 1e-005 9e-006 8e-006 8e-006 7e-006 6e-006 5e-006 4e-006 3e-006 3e-006 2e-006 2e-006 1e-006 1e-006 1e-006 0 0 0 0 0 0 0 0 0 0 0 0 0 0 0 0 0 0 0 0 0 0 0 0 0 0 0
0 0 0 0 0 0 0 0 1e-006 1e-006 1e-006 1e-006 1e-006 2e-006 2e-006 2e-006 3e-006 4e-006 4e-006 5e-006 6e-006 7e-006 9e-006 1e-005 1.1e-005 1.2e-005 1.3e-005 1.4e-005 1.5e-005 1.5e-005 1.5e-005 1.5e-005 1.5e-005 1.5e-005 1.4e-005 1.3e-005 1.1e-005 1e-005 9e-006 8e-006 6e-006 5e-006 4e-006 3e-006 3e-006 2e-006 1e-006 1e-006 1e-006 1e-006 0 0 0 0 0 0 0 0 0 0 0 0 0 0 0 0 0 0 0 0 0 0 0 0 0
0 0 0 0 0 0 1e-006 1e-006 1e-006 1e-006 1e-006 2e-006 2e-006 2e-006 3e-006 4e-006 4e-006 5e-006 6e-006 8e-006 9e-006 1.1e-005 1.2e-005 1.4e-005 1.6e-005 1.8e-005 1.9e-005 2.1e-005 2.2e-005 2.2e-005 2.3e-005 2.3e-005 2.3e-005 2.2e-005 2.1e-005 1.9e-005 1.7e-005 1.5e-005 1.3e-005 1.2e-005 1e-005 8e-006 6e-006 5e-006 4e-006 3e-006 2e-006 2e-006 1e-006 1e-006 1e-006 0 0 0 0 0 0 0 0 0 0 0 0 0 0 0 0 0 0 0 0 0 0 0 0
0 0 0 0 1e-006 1e-006 1e-006 1e-006 1e-006 2e-006 2e-006 2e-006 3e-006 4e-006 4e-006 5e-006 6e-006 8e-006 9e-006 1.1e-005 1.3e-005 1.5e-005 1.8e-005 2e-005 2.3e-005 2.6e-005 2.8e-005 3e-005 3.1e-005 3.3e-005 3.3e-005 3.3e-005 3.3e-005 3.2e-005 3e-005 2.8e-005 2.6e-005 2.3e-005 2e-005 1.7e-005 1.5e-005 1.2e-005 1e-005 8e-006 6e-006 5e-006 4e-006 3e-006 2e-006 1e-006 1e-006 1e-006 0 0 0 0 0 0 0 0 0 0 0 0 0 0 0 0 0 0 0 0 0 0 0
0 0 1e-006 1e-006 1e-006 1e-006 1e-006 2e-006 2e-006 2e-006 3e-006 3e-006 4e-006 5e-006 6e-006 8e-006 9e-006 1.1e-005 1.3e-005 1.6e-005 1.9e-005 2.2e-005 2.5e-005 2.9e-005 3.3e-005 3.6e-005 4e-005 4.2e-005 4.5e-005 4.7e-005 4.8e-005 4.8e-005 4.8e-005 4.7e-005 4.4e-005 4.2e-005 3.8e-005 3.4e-005 3e-005 2.6e-005 2.2e-005 1.8e-005 1.5e-005 1.2e-005 9e-006 7e-006 5e-006 4e-006 3e-006 2e-006 2e-006 1e-006 1e-006 0 0 0 0 0 0 0 0 0 0 0 0 0 0 0 0 0 0 0 0 0 0
1e-006 1e-006 1e-006 1e-006 1e-006 2e-006 2e-006 2e-006 3e-006 3e-006 4e-006 5e-006 6e-006 7e-006 9e-006 1.1e-005 1.3e-005 1.6e-005 1.9e-005 2.2e-005 2.6e-005 3.1e-005 3.5e-005 4.1e-005 4.6e-005 5.1e-005 5.6e-005 6e-005 6.3e-005 6.6e-005 6.8e-005 6.9e-005 6.8e-005 6.7e-005 6.4e-005 6e-005 5.6e-005 5e-005 4.5e-005 3.9e-005 3.3e-005 2.8e-005 2.3e-005 1.8e-005 1.4e-005 1.1e-005 8e-006 6e-006 5e-006 3e-006 2e-006 2e-006 1e-006 1e-006 0 0 0 0 0 0 0 0 0 0 0 0 0 0 0 0 0 0 0 0 0
1e-006 1e-006 1e-006 2e-006 2e-006 2e-006 3e-006 3e-006 4e-006 5e-006 6e-006 7e-006 9e-006 1.1e-005 1.3e-005 1.5e-005 1.8e-005 2.2e-005 2.6e-005 3.1e-005 3.6e-005 4.2e-005 4.9e-005 5.6e-005 6.3e-005 7e-005 7.7e-005 8.3e-005 8.8e-005 9.3e-005 9.5e-005 9.7e-005 9.7e-005 9.5e-005 9.2e-005 8.7e-005 8e-005 7.3e-005 6.5e-005 5.7e-005 4.9e-005 4.1e-005 3.4e-005 2.7e-005 2.2e-005 1.7e-005 1.3e-005 1e-005 7e-006 5e-006 4e-006 3e-006 2e-006 1e-006 1e-006 1e-006 0 0 0 0 0 0 0 0 0 0 0 0 0 0 0 0 0 0 0
1e-006 2e-006 2e-006 2e-006 3e-006 4e-006 4e-006 5e-006 6e-006 7e-006 9e-006 1e-005 1.2e-005 1.5e-005 1.8e-005 2.1e-005 2.5e-005 3e-005 3.6e-005 4.2e-005 4.9e-005 5.8e-005 6.7e-005 7.6e-005 8.6e-005 9.6e-005 0.000106 0.000114 0.000122 0.000128 0.000132 0.000135 0.000135 0.000133 0.000129 0.000123 0.000115 0.000105 9.4e-005 8.2e-005 7.1e-005 6e-005 5e-005 4e-005 3.2e-005 2.5e-005 1.9e-005 1.5e-005 1.1e-005 8e-006 6e-006 4e-006 3e-006 2e-006 1e-006 1e-006 1e-006 0 0 0 0 0 0 0 0 0 0 0 0 0 0 0 0 0 0
2e-006 2e-006 3e-006 4e-006 4e-006 5e-006 6e-006 7e-006 9e-006 1e-005 1.2e-005 1.5e-005 1.7e-005 2.1e-005 2.5e-005 2.9e-005 3.5e-005 4.1e-005 4.8e-005 5.7e-005 6.7e-005 7.8e-005 9e-005 0.000103 0.000116 0.00013 0.000143 0.000155 0.000166 0.000175 0.000181 0.000185 0.000187 0.000185 0.00018 0.000172 0.000162 0.000149 0.000134 0.000118 0.000102 8.7e-005 7.3e-005 5.9e-005 4.8e-005 3.8e-005 2.9e-005 2.2e-005 1.6e-005 1.2e-005 9e-006 6e-006 4e-006 3e-006 2e-006 1e-006 1e-006 1e-006 0 0 0 0 0 0 0 0 0 0 0 0 0 0 0 0 0
3e-006 4e-006 4e-006 5e-006 6e-006 7e-006 9e-006 1e-005 1.2e-005 1.5e-005 1.7e-005 2.1e-005 2.4e-005 2.9e-005 3.4e-005 4e-005 4.7e-005 5.6e-005 6.5e-005 7.6e-005 8.9e-005 0.000104 0.00012 0.000137 0.000155 0.000173 0.000191 0.000208 0.000223 0.000235 0.000245 0.000252 0.000255 0.000254 0.000248 0.000239 0.000225 0.000208 0.000189 0.000168 0.000147 0.000125 0.000105 8.7e-005 7e-005 5.5e-005 4.3e-005 3.3e-005 2.5e-005 1.8e-005 1.3e-005 9e-006 6e-006 4e-006 3e-006 2e-006 1e-006 1e-006 0 0 0 0 0 0 0 0 0 0 0 0 0 0 0 0 0
4e-006 5e-006 6e-006 8e-006 9e-006 1.1e-005 1.3e-005 1.5e-005 1.7e-005 2.1e-005 2.4e-005 2.8e-005 3.3e-005 3.9e-005 4.6e-005 5.4e-005 6.3e-005 7.4e-005 8.7e-005 0.000101 0.000118 0.000137 0.000157 0.00018 0.000204 0.000228 0.000252 0.000275 0.000296 0.000313 0.000328 0.000338 0.000343 0.000343 0.000338 0.000327 0.00031 0.000289 0.000264 0.000236 0.000208 0.000179 0.000151 0.000125 0.000102 8.1e-005 6.4e-005 4.9e-005 3.7e-005 2.7e-005 2e-005 1.4e-005 1e-005 7e-006 5e-006 3e-006 2e-006 1e-006 1e-006 0 0 0 0 0 0 0 0 0 0 0 0 0 0 0 0
6e-006 8e-006 9e-006 1.1e-005 1.3e-005 1.5e-005 1.8e-005 2.1e-005 2.4e-005 2.8e-005 3.3e-005 3.9e-005 4.6e-005 5.3e-005 6.2e-005 7.2e-005 8.4e-005 9.8e-005 0.000115 0.000133 0.000154 0.000178 0.000205 0.000234 0.000265 0.000297 0.000329 0.000359 0.000388 0.000412 0.000433 0.000448 0.000457 0.000459 0.000455 0.000442 0.000423 0.000396 0.000365 0.000329 0.000291 0.000252 0.000215 0.000179 0.000147 0.000118 9.3e-005 7.2e-005 5.5e-005 4.1e-005 3e-005 2.1e-005 1.5e-005 1e-005 7e-006 5e-006 3e-006 2e-006 1e-006 1e-006 0 0 0 0 0 0 0 0 0 0 0 0 0 0 0
9e-006 1.1e-005 1.3e-005 1.5e-005 1.8e-005 2.1e-005 2.5e-005 2.9e-005 3.4e-005 3.9e-005 4.5e-005 5.3e-005 6.1e-005 7.1e-005 8.3e-005 9.6e-005 0.000111 0.000129 0.000149 0.000173 0.0002 0.00023 0.000264 0.000301 0.00034 0.000382 0.000423 0.000464 0.000502 0.000536 0.000565 0.000587 0.000602 0.000608 0.000605 0.000592 0.000569 0.000538 0.000498 0.000453 0.000403 0.000352 0.000302 0.000254 0.000209 0.000169 0.000135 0.000105 8e-005 6e-005 4.4e-005 3.2e-005 2.2e-005 1.6e-005 1.1e-005 7e-006 5e-006 3e-006 2e-006 1e-006 1e-006 0 0 0 0 0 0 0 0 0 0 0 0 0 0
1.3e-005 1.6e-005 1.8e-005 2.1e-005 2.5e-005 2.9e-005 3.4e-005 4e-005 4.6e-005 5.3e-005 6.1e-005 7.1e-005 8.2e-005 9.5e-005 0.000109 0.000126 0.000145 0.000168 0.000193 0.000222 0.000256 0.000294 0.000336 0.000382 0.000432 0.000485 0.000539 0.000592 0.000643 0.000688 0.000728 0.00076 0.000782 0.000795 0.000795 0.000783 0.000758 0.000721 0.000673 0.000617 0.000554 0.000488 0.000421 0.000357 0.000297 0.000242 0.000193 0.000152 0.000117 8.8e-005 6.5e-005 4.7e-005 3.4e-005 2.3e-005 1.6e-005 1.1e-005 7e-006 5e-006 3e-006 2e-006 1e-006 1e-006 0 0 0 0 0 0 0 0 0 0 0 0 0
1.8e-005 2.2e-005 2.6e-005 3e-005 3.5e-005 4e-005 4.6e-005 5.4e-005 6.2e-005 7.1e-005 8.2e-005 9.5e-005 0.000109 0.000125 0.000143 0.000164 0.000188 0.000216 0.000247 0.000283 0.000325 0.000371 0.000423 0.000481 0.000543 0.000609 0.000678 0.000746 0.000812 0.000873 0.000927 0.000972 0.001006 0.001027 0.001033 0.001024 0.000999 0.000957 0.0009 0.000831 0.000752 0.000668 0.000582 0.000497 0.000416 0.000342 0.000275 0.000218 0.000169 0.000128 9.6e-005 7e-005 5e-005 3.5e-005 2.4e-005 1.6e-005 1.1e-005 7e-006 4e-006 3e-006 2e-006 1e-006 1e-006 0 0 0 0 0 0 0 0 0 0 0 0
2.6e-005 3e-005 3.5e-005 4.1e-005 4.7e-005 5.4e-005 6.3e-005 7.2e-005 8.3e-005 9.5e-005 0.000109 0.000125 0.000142 0.000163 0.000186 0.000212 0.000242 0.000275 0.000314 0.000358 0.000408 0.000465 0.000528 0.000599 0.000675 0.000758 0.000843 0.00093 0.001015 0.001096 0.001168 0.00123 0.001279 0.001312 0.001328 0.001324 0.0013 0.001255 0.001191 0.001108 0.001012 0.000906 0.000796 0.000685 0.000579 0.000479 0.000389 0.00031 0.000242 0.000186 0.000139 0.000103 7.4e-005 5.2e-005 3.6e-005 2.5e-005 1.6e-005 1.1e-005 7e-006 4e-006 3e-006 2e-006 1e-006 1e-006 0 0 0 0 0 0 0 0 0 0 0
3.5e-005 4.1e-005 4.8e-005 5.5e-005 6.4e-005 7.3e-005 8.4e-005 9.6e-005 0.00011 0.000126 0.000143 0.000163 0.000185 0.00021 0.000239 0.000271 0.000308 0.000349 0.000395 0.000449 0.000509 0.000577 0.000653 0.000738 0.000831 0.000932 0.001038 0.001147 0.001255 0.001359 0.001455 0.001538 0.001607 0.001657 0.001687 0.001694 0.001675 0.001629 0.001558 0.001462 0.001347 0.001217 0.001078 0.000936 0.000798 0.000666 0.000546 0.000438 0.000345 0.000266 0.000202 0.00015 0.000109 7.7e-005 5.4e-005 3.7e-005 2.5e-005 1.6e-005 1e-005 7e-006 4e-006 2e-006 1e-006 1e-006 0 0 0 0 0 0 0 0 0 0 0
4.8e-005 5.6e-005 6.5e-005 7.4e-005 8.5e-005 9.7e-005 0.000111 0.000127 0.000144 0.000164 0.000186 0.000211 0.000238 0.00027 0.000305 0.000344 0.000388 0.000438 0.000494 0.000557 0.000629 0.00071 0.000801 0.000902 0.001014 0.001135 0.001265 0.001399 0.001535 0.001667 0.001791 0.001903 0.001997 0.002071 0.00212 0.002142 0.002133 0.00209 0.002015 0.001909 0.001774 0.001617 0.001446 0.001268 0.00109 0.000919 0.000759 0.000615 0.000488 0.00038 0.00029 0.000217 0.000159 0.000114 8e-005 5.5e-005 3.7e-005 2.4e-005 1.6e-005 1e-005 6e-006 4e-006 2e-006 1e-006 1e-006 0 0 0 0 0 0 0 0 0 0
6.5e-005 7.5e-005 8.6e-005 9.9e-005 0.000113 0.000128 0.000146 0.000166 0.000188 0.000212 0.00024 0.00027 0.000304 0.000342 0.000385 0.000433 0.000486 0.000545 0.000612 0.000687 0.000772 0.000867 0.000974 0.001093 0.001225 0.001369 0.001525 0.001689 0.001856 0.002023 0.002182 0.002328 0.002455 0.002559 0.002635 0.00268 0.002687 0.002654 0.00258 0.002464 0.002312 0.002128 0.001922 0.001701 0.001476 0.001256 0.001047 0.000856 0.000686 0.000538 0.000414 0.000312 0.00023 0.000166 0.000118 8.2e-005 5.5e-005 3.7e-005 2.4e-005 1.5e-005 9e-006 6e-006 3e-006 2e-006 1e-006 1e-006 0 0 0 0 0 0 0 0 0
8.6e-005 0.0001 0.000114 0.00013 0.000148 0.000168 0.00019 0.000214 0.000242 0.000272 0.000306 0.000344 0.000385 0.000432 0.000483 0.00054 0.000603 0.000674 0.000753 0.000841 0.00094 0.001052 0.001176 0.001315 0.001469 0.001638 0.001822 0.002019 0.002222 0.002429 0.002629 0.002818 0.002985 0.003128 0.00324 0.003317 0.003349 0.003333 0.003267 0.003149 0.002982 0.002773 0.002528 0.002259 0.00198 0.001701 0.001432 0.001182 0.000956 0.000757 0.000587 0.000446 0.000332 0.000242 0.000173 0.000121 8.2e-005 5.5e-005 3.6e-005 2.3e-005 1.4e-005 9e-006 5e-006 3e-006 2e-006 1e-006 1e-006 0 0 0 0 0 0 0 0
0.000114 0.000132 0.00015 0.00017 0.000192 0.000217 0.000244 0.000275 0.000309 0.000346 0.000388 0.000433 0.000484 0.00054 0.000601 0.000669 0.000744 0.000827 0.00092 0.001023 0.001138 0.001267 0.00141 0.00157 0.001748 0.001944 0.002159 0.002391 0.002635 0.002886 0.003135 0.003374 0.003592 0.003783 0.003942 0.00406 0.004128 0.004141 0.004092 0.003981 0.003806 0.003573 0.003292 0.002972 0.002632 0.002284 0.001942 0.001618 0.001321 0.001056 0.000827 0.000634 0.000476 0.00035 0.000252 0.000177 0.000122 8.2e-005 5.4e-005 3.5e-005 2.2e-005 1.4e-005 8e-006 5e-006 3e-006 2e-006 1e-006 0 0 0 0 0 0 0 0
0.00015 0.000172 0.000195 0.000219 0.000247 0.000278 0.000312 0.000349 0.000391 0.000437 0.000487 0.000542 0.000603 0.000669 0.000743 0.000823 0.000911 0.001008 0.001116 0.001236 0.001369 0.001516 0.00168 0.001863 0.002066 0.002291 0.002538 0.002807 0.003095 0.003396 0.003701 0.003998 0.004278 0.004531 0.004747 0.004919 0.005036 0.00509 0.005073 0.004977 0.004805 0.004558 0.004244 0.003873 0.003465 0.003039 0.002612 0.002198 0.001813 0.001464 0.001157 0.000896 0.000679 0.000503 0.000365 0.000259 0.00018 0.000122 8.1e-005 5.3e-005 3.3e-005 2.1e-005 1.2e-005 7e-006 4e-006 2e-006 1e-006 1e-006 0 0 0 0 0 0 0
0.000195 0.000223 0.00025 0.000281 0.000315 0.000353 0.000394 0.00044 0.00049 0.000546 0.000606 0.000672 0.000744 0.000823 0.00091 0.001004 0.001108 0.001222 0.001346 0.001484 0.001637 0.001804 0.001992 0.002199 0.002429 0.002683 0.002964 0.003273 0.003607 0.003962 0.004325 0.004691 0.005045 0.005372 0.00566 0.0059 0.006081 0.006191 0.00622 0.006158 0.006002 0.005753 0.005413 0.004995 0.004519 0.004007 0.003481 0.002961 0.002467 0.002013 0.001608 0.001257 0.000961 0.000719 0.000527 0.000377 0.000264 0.000181 0.000121 7.9e-005 5e-005 3.1e-005 1.9e-005 1.1e-005 7e-006 4e-006 2e-006 1e-006 1e-006 0 0 0 0 0 0
0.000251 0.000286 0.000319 0.000357 0.000398 0.000444 0.000494 0.00055 0.00061 0.000677 0.000749 0.000827 0.000913 0.001006 0.001106 0.001218 0.001338 0.00147 0.001613 0.001772 0.001945 0.002137 0.002349 0.002583 0.002839 0.003125 0.003442 0.003791 0.004174 0.004584 0.005012 0.005453 0.00589 0.006303 0.006681 0.007007 0.007267 0.007453 0.007549 0.00754 0.007421 0.007183 0.00683 0.006378 0.005836 0.005233 0.004597 0.003954 0.003331 0.002747 0.002217 0.001751 0.001353 0.001022 0.000755 0.000546 0.000385 0.000266 0.000179 0.000118 7.6e-005 4.8e-005 2.9e-005 1.7e-005 1e-005 6e-006 3e-006 2e-006 1e-006 0 0 0 0 0 0
0.000322 0.000363 0.000404 0.000448 0.000499 0.000554 0.000614 0.000681 0.000753 0.000832 0.000918 0.001011 0.001111 0.001219 0.001338 0.001466 0.001606 0.001758 0.001924 0.002103 0.002302 0.002519 0.002756 0.003018 0.003305 0.003624 0.003977 0.004369 0.004798 0.005266 0.005763 0.006283 0.006811 0.007326 0.007813 0.008242 0.008601 0.008883 0.00907 0.009139 0.009076 0.008875 0.008533 0.008055 0.00746 0.006768 0.006015 0.005235 0.00446 0.003719 0.003035 0.002422 0.001891 0.001443 0.001077 0.000785 0.00056 0.000389 0.000265 0.000176 0.000114 7.2e-005 4.4e-005 2.7e-005 1.6e-005 9e-006 5e-006 3e-006 1e-006 1e-006 0 0 0 0 0
