test/Ashload_Gede_VEI4_geographic.asc
ncols         151
nrows         150
xllcorner     106.07140375224
yllcorner     -7.697097307546
cellsize      0.012184287918694
NODATA_value  -9999
[rows 66 to 98 of 150, columns 0 to 74 of 151]
0.018936 0.020193 0.021527 0.022925 0.024419 0.026002 0.027724 0.02958 0.03151 0.033695 0.036118 0.038571 0.041149 0.044243 0.047668 0.051322 0.055368 0.059635 0.064532 0.069551 0.074709 0.080927 0.087701 0.095306 0.10361 0.113133 0.123548 0.135746 0.149502 0.164775 0.181248 0.199998 0.221553 0.244959 0.272558 0.302248 0.335354 0.372356 0.414275 0.460839 0.513969 0.575267 0.647724 0.724904 0.814824 0.916143 1.028623 1.157998 1.304749 1.467415 1.645537 1.85024 2.085598 2.371873 2.74569 3.161097 3.605212 4.135389 4.700278 5.351663 6.126901 7.012628 8.012453 9.101892 10.1938 11.14187 11.80888 12.07072 11.66437 10.44983 8.53688 6.208488 3.931007 2.145357 1.002337
0.018879 0.020053 0.021312 0.022614 0.02402 0.025556 0.027101 0.028681 0.030522 0.032598 0.034844 0.037331 0.039821 0.042701 0.045833 0.049477 0.053174 0.057048 0.061694 0.066959 0.072541 0.078784 0.085262 0.092981 0.101625 0.110917 0.12186 0.134415 0.148602 0.163564 0.181903 0.2033 0.226451 0.252899 0.283802 0.316849 0.353585 0.394879 0.441628 0.495039 0.554118 0.62532 0.708919 0.795133 0.903925 1.022705 1.156397 1.31098 1.488425 1.696522 1.925161 2.169366 2.457428 2.795646 3.257076 3.781957 4.335926 5.006889 5.700655 6.527685 7.523028 8.702565 10.07865 11.71994 13.51513 15.32717 16.93917 18.14084 18.57591 17.80097 15.57952 12.16127 8.146839 4.601356 2.169733
0.018711 0.019748 0.020905 0.022117 0.023445 0.024832 0.02635 0.02793 0.029581 0.031377 0.033319 0.035888 0.038344 0.040878 0.043723 0.046922 0.050147 0.053948 0.058496 0.063807 0.068904 0.074419 0.080519 0.087889 0.096979 0.107156 0.118442 0.130282 0.144678 0.16045 0.178427 0.200155 0.22293 0.253049 0.285131 0.322692 0.363805 0.409031 0.460477 0.516117 0.583185 0.667718 0.765846 0.867221 0.987273 1.122238 1.272918 1.452812 1.663275 1.917612 2.211044 2.532507 2.894938 3.320387 3.840769 4.479923 5.212949 5.988906 6.859224 7.914421 9.201397 10.76903 12.64715 14.93828 17.67893 20.81172 24.06591 27.08529 29.3958 30.13274 28.49973 24.17883 17.46499 10.31849 4.925167
0.018501 0.01946 0.020493 0.021603 0.022798 0.024099 0.025546 0.027103 0.02868 0.030285 0.032133 0.034287 0.036386 0.038736 0.041644 0.044521 0.047665 0.051218 0.055081 0.059948 0.064878 0.070713 0.076788 0.083519 0.091874 0.101764 0.113503 0.126364 0.140695 0.15675 0.175089 0.196449 0.219547 0.249496 0.282232 0.321468 0.363275 0.411122 0.46504 0.525765 0.598779 0.693243 0.796745 0.908251 1.039263 1.190409 1.359295 1.561581 1.815908 2.107701 2.460628 2.851857 3.309928 3.846539 4.47465 5.216251 6.05505 6.963252 8.0684 9.430255 11.1107 13.19429 15.75911 18.96452 23.01602 28.02101 33.84646 40.2738 46.46886 51.00274 52.17796 48.42082 38.41228 24.30535 11.82961
0.018211 0.019123 0.020098 0.021106 0.022192 0.023344 0.024626 0.026076 0.0276 0.029199 0.030948 0.032818 0.03467 0.036792 0.039439 0.042327 0.045625 0.049039 0.052522 0.056451 0.061118 0.066905 0.073171 0.079867 0.087543 0.097244 0.108457 0.121426 0.13603 0.152188 0.171361 0.192948 0.216402 0.244958 0.277839 0.315339 0.358922 0.409011 0.467037 0.53261 0.611092 0.703671 0.805551 0.925134 1.065908 1.23029 1.42196 1.647547 1.926832 2.228454 2.607491 3.046704 3.579149 4.194793 4.907689 5.728981 6.68967 7.821529 9.222095 10.93864 13.10103 15.83975 19.30792 23.76451 29.57335 37.12027 46.67369 58.48407 72.44492 85.74574 95.18006 96.8577 85.66151 60.22416 30.3623
0.01776 0.0186 0.019513 0.020426 0.021427 0.022503 0.02368 0.025023 0.026413 0.027859 0.02947 0.031211 0.033028 0.035201 0.037614 0.040344 0.043234 0.046688 0.049948 0.053633 0.058285 0.063719 0.069502 0.076016 0.08371 0.093161 0.104179 0.116408 0.129584 0.146277 0.165906 0.187094 0.21149 0.239877 0.273144 0.310867 0.354229 0.405255 0.465558 0.531698 0.610947 0.702709 0.804527 0.927111 1.072286 1.243657 1.443805 1.682002 1.95581 2.28097 2.67739 3.144452 3.703919 4.341395 5.083087 6.001901 7.078538 8.39937 10.05312 12.13271 14.83224 18.31688 22.89536 28.90864 36.98304 47.94672 62.65015 82.51052 108.9657 140.0235 172.3498 194.2359 192.2334 155.1871 83.71174
0.017055 0.017775 0.018582 0.01948 0.020419 0.021412 0.022504 0.023722 0.024996 0.026326 0.027796 0.029426 0.031212 0.033434 0.035785 0.038129 0.040658 0.043696 0.046914 0.05094 0.05557 0.060724 0.066087 0.072455 0.079901 0.088883 0.100119 0.111696 0.124727 0.141322 0.159389 0.179365 0.204168 0.233029 0.265326 0.301736 0.344433 0.395915 0.456858 0.521282 0.597872 0.686495 0.785312 0.906572 1.050637 1.217823 1.411224 1.643532 1.918647 2.252243 2.637961 3.103527 3.645551 4.294993 5.038053 5.987952 7.13686 8.580305 10.4145 12.7783 15.8947 20.01266 25.57801 33.17434 43.69814 58.70795 80.00357 111.2531 155.7509 217.6848 301.1882 386.9872 435.3368 404.3639 249.5766
0.016074 0.016727 0.017441 0.018271 0.019114 0.020024 0.021004 0.022084 0.023252 0.02448 0.025902 0.027435 0.029128 0.031106 0.033244 0.035283 0.037814 0.040587 0.043707 0.047718 0.052229 0.057165 0.062612 0.068602 0.075605 0.08422 0.09496 0.106241 0.118836 0.133717 0.150161 0.168918 0.19376 0.220675 0.251111 0.284208 0.324882 0.37159 0.426754 0.484009 0.550039 0.628562 0.718794 0.823897 0.946787 1.087947 1.255156 1.454671 1.693845 1.9759 2.314285 2.697412 3.163792 3.709419 4.38135 5.242622 6.310861 7.700096 9.465517 11.82188 15.00085 19.35281 25.39692 34.01092 46.24608 64.47655 91.71436 133.8508 198.8436 302.112 465.3434 715.5289 956.3724 1046.92 798.9401
0.014779 0.015354 0.016054 0.016752 0.017502 0.018331 0.019213 0.02019 0.021209 0.022359 0.023668 0.025118 0.02671 0.028361 0.03017 0.03226 0.03485 0.037444 0.040451 0.044248 0.04835 0.052964 0.05807 0.063524 0.07035 0.07867 0.088105 0.098399 0.109167 0.120967 0.13545 0.151698 0.172899 0.196744 0.221372 0.249837 0.28429 0.32421 0.366611 0.411375 0.463888 0.529191 0.60147 0.683594 0.77937 0.895122 1.027627 1.180418 1.365695 1.578957 1.84493 2.160871 2.509547 2.960821 3.524471 4.242694 5.155878 6.336917 7.890573 9.974316 12.82484 16.76488 22.32958 30.31908 42.1528 60.26038 88.23924 133.119 207.2334 333.9066 556.7781 948.1807 1587.995 2391.226 2553.591
0.013268 0.0138 0.014417 0.015046 0.015708 0.01642 0.017281 0.018141 0.019058 0.020113 0.021251 0.022632 0.02407 0.025562 0.027245 0.029355 0.031705 0.03413 0.037039 0.040238 0.043664 0.047641 0.05177 0.056612 0.062798 0.069942 0.077308 0.085297 0.094705 0.10431 0.116262 0.130003 0.145921 0.164082 0.184143 0.207835 0.234297 0.264763 0.295281 0.330558 0.372614 0.419695 0.473934 0.537358 0.612448 0.697528 0.801219 0.9208 1.063449 1.226377 1.421969 1.651631 1.92089 2.258169 2.683462 3.212683 3.88489 4.748298 5.877486 7.38227 9.391524 12.16943 16.06258 21.6011 29.83494 42.22853 61.76692 93.90524 149.1695 248.4803 433.552 776.9777 1456.133 2780.097 7958.046
0.011709 0.012151 0.012687 0.01325 0.013883 0.014577 0.015345 0.016119 0.016981 0.017963 0.01904 0.020268 0.021487 0.022744 0.024319 0.026095 0.027929 0.030065 0.03241 0.034872 0.037994 0.041066 0.04432 0.048769 0.053712 0.059049 0.064946 0.071019 0.077926 0.085797 0.093973 0.104936 0.116094 0.129366 0.145276 0.163545 0.183679 0.206928 0.231651 0.260367 0.292024 0.327893 0.366817 0.411246 0.464002 0.523129 0.593691 0.674476 0.76894 0.879439 1.006693 1.153471 1.328887 1.543342 1.804215 2.131662 2.535107 3.045506 3.701227 4.54866 5.665925 7.148384 9.205606 12.06608 16.15798 22.07153 30.88731 44.61256 66.16592 101.3544 158.8864 253.4213 401.3245 557.6744 602.1745
0.010345 0.010813 0.011296 0.011824 0.012371 0.012953 0.013536 0.014127 0.014891 0.015747 0.016656 0.017631 0.018566 0.019626 0.020902 0.022236 0.02369 0.025356 0.026991 0.029107 0.031263 0.033674 0.036444 0.039709 0.043424 0.047331 0.051613 0.056535 0.061955 0.06758 0.074239 0.082609 0.091782 0.102364 0.113987 0.126438 0.141016 0.156985 0.174561 0.194303 0.216732 0.240486 0.265261 0.294316 0.327824 0.364317 0.406922 0.454615 0.511642 0.576 0.649337 0.735142 0.834592 0.953131 1.095674 1.266995 1.476396 1.736923 2.062756 2.475489 3.004552 3.684144 4.570766 5.75679 7.324681 9.452021 12.38736 16.54314 22.40924 30.72462 42.37013 57.5093 73.30926 79.7042 58.18256
0.00908 0.009453 0.009843 0.01026 0.010682 0.011131 0.01156 0.012098 0.012736 0.013357 0.014038 0.014719 0.015413 0.016267 0.01718 0.018186 0.019251 0.020339 0.021671 0.023171 0.024843 0.026808 0.029002 0.031597 0.034334 0.037163 0.040287 0.043953 0.047818 0.051946 0.056731 0.062644 0.069119 0.075907 0.08354 0.092296 0.101995 0.112161 0.123493 0.136066 0.150201 0.164081 0.178894 0.195797 0.214238 0.233921 0.256897 0.282955 0.313397 0.347002 0.384137 0.425946 0.473953 0.529584 0.59524 0.672129 0.763655 0.871887 1.003517 1.165372 1.361485 1.601003 1.899331 2.265978 2.724189 3.297869 4.019741 4.92218 6.023684 7.337437 8.847983 10.30311 10.86405 9.431235 5.227219
0.007679 0.00796 0.008261 0.008567 0.008882 0.009197 0.009546 0.009971 0.010388 0.010852 0.011327 0.011793 0.012306 0.012978 0.013647 0.014359 0.015128 0.01592 0.01692 0.018001 0.019281 0.020729 0.02229 0.024022 0.025882 0.027742 0.029936 0.032377 0.034941 0.037628 0.040587 0.044248 0.048351 0.052819 0.057898 0.063258 0.068759 0.074741 0.081411 0.088899 0.096632 0.103955 0.111863 0.119969 0.128915 0.138439 0.149301 0.161547 0.175112 0.189815 0.205372 0.222255 0.241128 0.26238 0.28637 0.313873 0.345109 0.381218 0.423522 0.472185 0.52836 0.59312 0.669023 0.754832 0.85339 0.964308 1.084113 1.211101 1.336712 1.472753 1.568465 1.569913 1.400029 0.989031 0.477716
0.006233 0.006426 0.006631 0.006843 0.007046 0.007267 0.007533 0.007805 0.00811 0.008425 0.008723 0.009039 0.009454 0.009908 0.010334 0.010817 0.011347 0.011904 0.012582 0.013367 0.014189 0.015146 0.016106 0.017147 0.018393 0.019615 0.020996 0.022482 0.024057 0.025612 0.027433 0.02972 0.032244 0.034923 0.037513 0.040067 0.04305 0.046289 0.050026 0.053965 0.057468 0.060866 0.064407 0.067875 0.07143 0.075178 0.079098 0.083533 0.088527 0.093507 0.098569 0.103855 0.109528 0.115662 0.122279 0.129671 0.137682 0.146585 0.15649 0.167221 0.178733 0.191455 0.204231 0.217356 0.230167 0.241409 0.250181 0.257743 0.261705 0.258653 0.244096 0.21317 0.1625 0.099758 0.044951
0.004847 0.004974 0.005103 0.005227 0.005358 0.005512 0.005674 0.005844 0.006021 0.006195 0.006376 0.006601 0.006879 0.007147 0.007408 0.007718 0.00804 0.008389 0.008846 0.009337 0.009836 0.010378 0.010946 0.011654 0.012406 0.013125 0.013907 0.014761 0.015623 0.016474 0.01758 0.018887 0.020138 0.021388 0.022542 0.023805 0.025263 0.026872 0.028656 0.030185 0.031516 0.032843 0.033882 0.034939 0.035926 0.036933 0.037928 0.039136 0.04046 0.041628 0.042652 0.043656 0.044707 0.045742 0.046808 0.047935 0.049134 0.050254 0.051403 0.052561 0.053686 0.054551 0.05502 0.055087 0.054494 0.053274 0.051754 0.049375 0.045691 0.040714 0.034317 0.026535 0.017911 0.010045 0.004361
0.003597 0.003665 0.003731 0.003803 0.003882 0.003965 0.004054 0.004149 0.004244 0.00434 0.004452 0.004592 0.004738 0.004891 0.005044 0.005225 0.005412 0.005634 0.005911 0.006183 0.006452 0.006777 0.007145 0.00755 0.007936 0.008321 0.008721 0.009168 0.009575 0.010042 0.010635 0.011202 0.011701 0.012232 0.012698 0.013196 0.01381 0.014417 0.014999 0.015462 0.015862 0.016092 0.016229 0.016369 0.016467 0.016537 0.016586 0.016721 0.016843 0.016841 0.016779 0.016686 0.016549 0.016379 0.016201 0.016015 0.015781 0.015516 0.015207 0.014868 0.014463 0.013922 0.013258 0.012497 0.011683 0.010768 0.009732 0.008555 0.007236 0.005867 0.004499 0.003151 0.001953 0.001033 0.000445
0.002537 0.002568 0.002599 0.002633 0.002669 0.002709 0.002756 0.002806 0.002858 0.002912 0.002975 0.003045 0.003121 0.003204 0.003293 0.003392 0.003499 0.003626 0.003774 0.003916 0.004083 0.004274 0.004457 0.004643 0.004839 0.005009 0.005191 0.00536 0.005538 0.005777 0.00602 0.006197 0.006348 0.006528 0.006648 0.00679 0.006975 0.007126 0.00725 0.007307 0.007328 0.007267 0.00717 0.007055 0.006938 0.006795 0.006663 0.006557 0.006415 0.006236 0.006043 0.005828 0.005591 0.005359 0.005115 0.004872 0.004626 0.004366 0.004101 0.003829 0.003541 0.003233 0.00293 0.002626 0.002313 0.001997 0.00168 0.001364 0.001066 0.000804 0.000569 0.000372 0.00022 0.000115 5.2e-005
0.001709 0.00172 0.001731 0.001743 0.001758 0.001775 0.001797 0.001822 0.001849 0.001875 0.001904 0.001937 0.001978 0.002023 0.002074 0.002125 0.002181 0.002252 0.002322 0.002395 0.002479 0.002554 0.002624 0.002706 0.00278 0.002846 0.002903 0.002952 0.003029 0.003117 0.003166 0.003186 0.003207 0.003243 0.003246 0.003249 0.00327 0.00327 0.003242 0.003192 0.003126 0.00303 0.002924 0.002811 0.002698 0.002581 0.002475 0.002371 0.00225 0.002129 0.002003 0.001871 0.001741 0.001614 0.001489 0.001366 0.001249 0.001133 0.001018 0.000908 0.000801 0.000701 0.000604 0.000513 0.000427 0.000346 0.000272 0.000207 0.000153 0.000109 7.4e-005 4.7e-005 2.8e-005 1.7e-005 1e-005
0.001108 0.001109 0.001112 0.001115 0.001119 0.001125 0.001134 0.001145 0.001157 0.001169 0.001182 0.001199 0.001218 0.001237 0.001258 0.001279 0.001304 0.001332 0.001361 0.001391 0.001417 0.00144 0.001463 0.001484 0.001504 0.00152 0.001524 0.00153 0.001548 0.001554 0.001546 0.00153 0.001512 0.001498 0.00147 0.001448 0.00143 0.001389 0.001342 0.001293 0.001235 0.001174 0.001111 0.001044 0.000976 0.000913 0.000855 0.000795 0.000735 0.000674 0.000615 0.000558 0.000503 0.000452 0.000403 0.000357 0.000314 0.000273 0.000236 0.000202 0.000171 0.000143 0.000118 9.6e-005 7.6e-005 5.9e-005 4.4e-005 3.3e-005 2.4e-005 1.7e-005 1.2e-005 9e-006 7e-006 5e-006 4e-006
0.000697 0.000696 0.000695 0.000694 0.000695 0.000696 0.000697 0.000699 0.000702 0.000705 0.000708 0.000713 0.000718 0.000723 0.000729 0.000734 0.000739 0.000749 0.000757 0.000762 0.000767 0.000769 0.000768 0.000767 0.000766 0.000762 0.000751 0.000742 0.000736 0.000725 0.000708 0.000688 0.000667 0.000647 0.000625 0.000604 0.000578 0.000549 0.000521 0.00049 0.000458 0.000427 0.000395 0.000363 0.000331 0.000303 0.000276 0.000249 0.000223 0.0002 0.000177 0.000156 0.000137 0.000119 0.000103 8.8e-005 7.5e-005 6.3e-005 5.3e-005 4.4e-005 3.6e-005 2.9e-005 2.3e-005 1.8e-005 1.4e-005 1.1e-005 9e-006 7e-006 5e-006 4e-006 4e-006 3e-006 3e-006 3e-006 3e-006
0.000428 0.000425 0.000422 0.000419 0.000416 0.000414 0.000412 0.00041 0.000408 0.000407 0.000406 0.000404 0.000403 0.000402 0.000401 0.000399 0.000399 0.000399 0.000397 0.000395 0.000392 0.000387 0.00038 0.000374 0.000367 0.000359 0.000349 0.000339 0.000331 0.000318 0.000305 0.00029 0.000276 0.000263 0.000249 0.000234 0.000219 0.000204 0.00019 0.000175 0.00016 0.000146 0.000132 0.000118 0.000105 9.4e-005 8.4e-005 7.4e-005 6.4e-005 5.6e-005 4.8e-005 4.2e-005 3.5e-005 3e-005 2.5e-005 2.1e-005 1.8e-005 1.5e-005 1.2e-005 1e-005 8e-006 7e-006 5e-006 4e-006 4e-006 3e-006 3e-006 2e-006 2e-006 2e-006 2e-006 2e-006 2e-006 2e-006 2e-006
0.000253 0.000249 0.000246 0.000243 0.000239 0.000236 0.000233 0.00023 0.000227 0.000224 0.000221 0.000218 0.000215 0.000212 0.00021 0.000207 0.000204 0.000201 0.000197 0.000194 0.000189 0.000183 0.000177 0.000172 0.000166 0.00016 0.000153 0.000146 0.00014 0.000132 0.000123 0.000115 0.000108 0.0001 9.3e-005 8.5e-005 7.8e-005 7.2e-005 6.5e-005 5.9e-005 5.3e-005 4.7e-005 4.2e-005 3.6e-005 3.2e-005 2.8e-005 2.4e-005 2.1e-005 1.8e-005 1.5e-005 1.3e-005 1.1e-005 9e-006 8e-006 6e-006 5e-006 5e-006 4e-006 3e-006 3e-006 2e-006 2e-006 2e-006 2e-006 2e-006 2e-006 1e-006 1e-006 1e-006 1e-006 1e-006 1e-006 1e-006 1e-006 1e-006
0.000144 0.000141 0.000138 0.000135 0.000132 0.000129 0.000126 0.000123 0.000121 0.000118 0.000115 0.000112 0.00011 0.000107 0.000104 0.000101 9.9e-005 9.6e-005 9.3e-005 8.9e-005 8.6e-005 8.2e-005 7.9e-005 7.5e-005 7.1e-005 6.7e-005 6.3e-005 6e-005 5.6e-005 5.1e-005 4.7e-005 4.3e-005 4e-005 3.6e-005 3.3e-005 3e-005 2.7e-005 2.4e-005 2.1e-005 1.9e-005 1.7e-005 1.5e-005 1.3e-005 1.1e-005 9e-006 8e-006 7e-006 6e-006 5e-006 4e-006 4e-006 3e-006 3e-006 2e-006 2e-006 2e-006 2e-006 1e-006 1e-006 1e-006 1e-006 1e-006 1e-006 1e-006 1e-006 1e-006 1e-006 1e-006 1e-006 1e-006 1e-006 1e-006 1e-006 1e-006 1e-006
7.8e-005 7.6e-005 7.4e-005 7.1e-005 6.9e-005 6.7e-005 6.5e-005 6.3e-005 6.1e-005 5.9e-005 5.7e-005 5.5e-005 5.3e-005 5.1e-005 4.9e-005 4.7e-005 4.5e-005 4.3e-005 4.1e-005 3.9e-005 3.7e-005 3.5e-005 3.3e-005 3.1e-005 2.9e-005 2.7e-005 2.5e-005 2.3e-005 2.1e-005 1.9e-005 1.7e-005 1.6e-005 1.4e-005 1.3e-005 1.1e-005 1e-005 9e-006 8e-006 7e-006 6e-006 5e-006 4e-006 4e-006 3e-006 3e-006 2e-006 2e-006 2e-006 2e-006 1e-006 1e-006 1e-006 1e-006 1e-006 1e-006 1e-006 1e-006 1e-006 1e-006 1e-006 1e-006 1e-006 1e-006 1e-006 1e-006 1e-006 1e-006 1e-006 1e-006 1e-006 1e-006 1e-006 1e-006 1e-006 1e-006
4.1e-005 3.9e-005 3.8e-005 3.6e-005 3.5e-005 3.4e-005 3.2e-005 3.1e-005 3e-005 2.8e-005 2.7e-005 2.6e-005 2.5e-005 2.3e-005 2.2e-005 2.1e-005 2e-005 1.9e-005 1.8e-005 1.6e-005 1.5e-005 1.4e-005 1.3e-005 1.2e-005 1.1e-005 1e-005 9e-006 8e-006 8e-006 7e-006 6e-006 5e-006 5e-006 4e-006 4e-006 3e-006 3e-006 3e-006 2e-006 2e-006 2e-006 1e-006 1e-006 1e-006 1e-006 1e-006 1e-006 1e-006 1e-006 1e-006 1e-006 1e-006 1e-006 1e-006 1e-006 1e-006 1e-006 1e-006 1e-006 1e-006 1e-006 1e-006 1e-006 1e-006 1e-006 1e-006 1e-006 1e-006 1e-006 1e-006 1e-006 1e-006 1e-006 1e-006 1e-006
2.1e-005 2e-005 1.9e-005 1.8e-005 1.7e-005 1.6e-005 1.5e-005 1.4e-005 1.4e-005 1.3e-005 1.2e-005 1.1e-005 1.1e-005 1e-005 1e-005 9e-006 8e-006 8e-006 7e-006 7e-006 6e-006 6e-006 5e-006 5e-006 4e-006 4e-006 3e-006 3e-006 3e-006 2e-006 2e-006 2e-006 2e-006 1e-006 1e-006 1e-006 1e-006 1e-006 1e-006 1e-006 1e-006 1e-006 1e-006 1e-006 0 0 0 0 0 0 0 0 0 0 0 0 0 0 0 0 0 0 0 0 0 0 0 0 0 0 0 0 0 0 0
1e-005 9e-006 9e-006 8e-006 8e-006 7e-006 7e-006 6e-006 6e-006 6e-006 5e-006 5e-006 5e-006 4e-006 4e-006 4e-006 3e-006 3e-006 3e-006 3e-006 2e-006 2e-006 2e-006 2e-006 2e-006 1e-006 1e-006 1e-006 1e-006 1e-006 1e-006 1e-006 1e-006 1e-006 1e-006 0 0 0 0 0 0 0 0 0 0 0 0 0 0 0 0 0 0 0 0 0 0 0 0 0 0 0 0 0 0 0 0 0 0 0 0 0 0 0 0
5e-006 4e-006 4e-006 4e-006 3e-006 3e-006 3e-006 3e-006 3e-006 2e-006 2e-006 2e-006 2e-006 2e-006 2e-006 1e-006 1e-006 1e-006 1e-006 1e-006 1e-006 1e-006 1e-006 1e-006 1e-006 1e-006 0 0 0 0 0 0 0 0 0 0 0 0 0 0 0 0 0 0 0 0 0 0 0 0 0 0 0 0 0 0 0 0 0 0 0 0 0 0 0 0 0 0 0 0 0 0 0 0 0
2e-006 2e-006 2e-006 2e-006 2e-006 1e-006 1e-006 1e-006 1e-006 1e-006 1e-006 1e-006 1e-006 1e-006 1e-006 1e-006 1e-006 0 0 0 0 0 0 0 0 0 0 0 0 0 0 0 0 0 0 0 0 0 0 0 0 0 0 0 0 0 0 0 0 0 0 0 0 0 0 0 0 0 0 0 0 0 0 0 0 0 0 0 0 0 0 0 0 0 0
1e-006 1e-006 1e-006 1e-006 1e-006 1e-006 1e-006 0 0 0 0 0 0 0 0 0 0 0 0 0 0 0 0 0 0 0 0 0 0 0 0 0 0 0 0 0 0 0 0 0 0 0 0 0 0 0 0 0 0 0 0 0 0 0 0 0 0 0 0 0 0 0 0 0 0 0 0 0 0 0 0 0 0 0 0
0 0 0 0 0 0 0 0 0 0 0 0 0 0 0 0 0 0 0 0 0 0 0 0 0 0 0 0 0 0 0 0 0 0 0 0 0 0 0 0 0 0 0 0 0 0 0 0 0 0 0 0 0 0 0 0 0 0 0 0 0 0 0 0 0 0 0 0 0 0 0 0 0 0 0
0 0 0 0 0 0 0 0 0 0 0 0 0 0 0 0 0 0 0 0 0 0 0 0 0 0 0 0 0 0 0 0 0 0 0 0 0 0 0 0 0 0 0 0 0 0 0 0 0 0 0 0 0 0 0 0 0 0 0 0 0 0 0 0 0 0 0 0 0 0 0 0 0 0 0
