test/Ashload_Gede_VEI4_geographic.asc
ncols         151
nrows         150
xllcorner     106.07140375224
yllcorner     -7.697097307546
cellsize      0.012184287918694
NODATA_value  -9999
[rows 33 to 65 of 150, columns 0 to 74 of 151]
0.000406 0.000455 0.000504 0.000558 0.000619 0.000685 0.000757 0.000837 0.000922 0.001015 0.001116 0.001225 0.001343 0.001469 0.001606 0.001754 0.001916 0.002091 0.00228 0.002485 0.00271 0.002954 0.003221 0.003511 0.003832 0.004186 0.004577 0.00501 0.00549 0.006015 0.00658 0.007183 0.007807 0.008432 0.009041 0.009598 0.010081 0.010485 0.010786 0.010958 0.010982 0.010848 0.010539 0.01007 0.009438 0.008668 0.007796 0.006869 0.00592 0.004994 0.004122 0.003327 0.002627 0.002026 0.001527 0.001125 0.000809 0.000568 0.00039 0.000261 0.00017 0.000108 6.7e-005 4.1e-005 2.4e-005 1.4e-005 8e-006 4e-006 2e-006 1e-006 1e-006 0 0 0 0
0.000505 0.000564 0.000623 0.000688 0.00076 0.000839 0.000926 0.00102 0.00112 0.00123 0.001347 0.001474 0.001611 0.001758 0.001914 0.002087 0.002272 0.002472 0.002688 0.002921 0.003175 0.003449 0.003748 0.00407 0.004426 0.004817 0.005249 0.005724 0.006255 0.006835 0.007471 0.008158 0.008879 0.009623 0.010366 0.011071 0.011708 0.012259 0.012703 0.013012 0.01316 0.013122 0.01289 0.012453 0.011807 0.010988 0.010007 0.008924 0.007789 0.00665 0.005557 0.004539 0.003623 0.002826 0.002153 0.001602 0.001164 0.000825 0.000571 0.000385 0.000254 0.000163 0.000102 6.2e-005 3.7e-005 2.1e-005 1.2e-005 7e-006 4e-006 2e-006 1e-006 0 0 0 0
0.000621 0.000692 0.000763 0.000841 0.000927 0.001021 0.001122 0.001233 0.001351 0.001478 0.001616 0.001764 0.001921 0.002089 0.002271 0.002468 0.00268 0.002908 0.003153 0.003416 0.003703 0.004011 0.004342 0.004701 0.005096 0.005528 0.006002 0.006524 0.007099 0.00774 0.008442 0.00921 0.010033 0.010899 0.011783 0.012649 0.013467 0.014204 0.01482 0.0153 0.015607 0.015716 0.015598 0.015232 0.014623 0.013782 0.012718 0.011487 0.010156 0.008782 0.00743 0.006143 0.004963 0.003916 0.003018 0.00227 0.001666 0.001193 0.000834 0.000568 0.000377 0.000244 0.000154 9.4e-005 5.6e-005 3.3e-005 1.9e-005 1e-005 5e-006 3e-006 1e-006 1e-006 0 0 0
0.000759 0.000843 0.000929 0.001021 0.001123 0.001233 0.001352 0.00148 0.001618 0.001767 0.001926 0.002096 0.002277 0.002469 0.002679 0.002904 0.003143 0.003403 0.003682 0.003979 0.004299 0.004644 0.005016 0.005413 0.005848 0.006326 0.006848 0.007417 0.00804 0.008738 0.009504 0.010355 0.011273 0.012262 0.013289 0.014328 0.01535 0.016298 0.017134 0.017819 0.018329 0.018628 0.018676 0.018438 0.017916 0.017095 0.01599 0.014642 0.013119 0.011494 0.00985 0.008247 0.006747 0.005389 0.004202 0.003197 0.002373 0.001718 0.001212 0.000833 0.000558 0.000364 0.000232 0.000143 8.6e-005 5e-005 2.9e-005 1.6e-005 9e-006 4e-006 2e-006 1e-006 1e-006 0 0
0.000922 0.001021 0.001122 0.001231 0.00135 0.001478 0.001615 0.001765 0.001924 0.002096 0.00228 0.002476 0.002682 0.002905 0.003145 0.003397 0.003668 0.003965 0.004279 0.004614 0.004976 0.00536 0.005774 0.006216 0.006692 0.007215 0.007788 0.008411 0.009088 0.009841 0.010674 0.011603 0.01261 0.013722 0.014891 0.016107 0.017337 0.018523 0.019617 0.020562 0.021325 0.021868 0.022136 0.022091 0.021714 0.02098 0.019881 0.018468 0.01679 0.014897 0.012947 0.010984 0.009105 0.007365 0.005813 0.004477 0.003362 0.002461 0.001755 0.001219 0.000825 0.000543 0.000348 0.000217 0.000132 7.8e-005 4.4e-005 2.5e-005 1.3e-005 7e-006 4e-006 2e-006 1e-006 0 0
0.001112 0.001229 0.001347 0.001474 0.001611 0.00176 0.00192 0.002091 0.002274 0.002471 0.002682 0.002907 0.003146 0.003399 0.00367 0.003958 0.004265 0.0046 0.004951 0.00533 0.005733 0.006165 0.006624 0.00711 0.007638 0.008216 0.008836 0.009518 0.010254 0.01106 0.011956 0.012968 0.014067 0.015291 0.016599 0.01799 0.019432 0.020864 0.022244 0.02351 0.024579 0.025415 0.025975 0.0262 0.026048 0.025475 0.024456 0.023034 0.021234 0.019128 0.016861 0.014509 0.012189 0.009992 0.007991 0.006232 0.004735 0.003507 0.002529 0.001776 0.001214 0.000807 0.000522 0.000328 0.000201 0.000119 6.9e-005 3.8e-005 2.1e-005 1.1e-005 6e-006 3e-006 1e-006 1e-006 0
0.001334 0.00147 0.001608 0.001756 0.001915 0.002084 0.002268 0.002463 0.002671 0.002895 0.003139 0.003394 0.003667 0.003958 0.004264 0.004589 0.004938 0.005312 0.005708 0.006134 0.006582 0.007063 0.007569 0.008114 0.008696 0.00933 0.01001 0.010745 0.011549 0.012421 0.013371 0.014459 0.015652 0.016978 0.01842 0.019985 0.021631 0.023321 0.025014 0.026624 0.028068 0.029272 0.030185 0.030752 0.030913 0.030601 0.029767 0.028426 0.026578 0.024324 0.021759 0.018989 0.016182 0.013452 0.010906 0.008617 0.006635 0.004973 0.003628 0.002578 0.001781 0.001196 0.000781 0.000495 0.000305 0.000183 0.000106 6e-005 3.3e-005 1.7e-005 9e-006 4e-006 2e-006 1e-006 0
0.001592 0.001748 0.001908 0.002077 0.002258 0.002454 0.002663 0.002885 0.00312 0.003376 0.00365 0.003942 0.004254 0.004582 0.00493 0.005299 0.005694 0.006109 0.006549 0.007029 0.007531 0.008059 0.008624 0.009234 0.009872 0.010575 0.01132 0.012118 0.012995 0.013931 0.014958 0.016097 0.017389 0.018808 0.020384 0.022105 0.023942 0.025891 0.027903 0.029891 0.031751 0.033396 0.034756 0.035761 0.036323 0.036372 0.035849 0.034674 0.032922 0.030578 0.027783 0.024628 0.021297 0.017968 0.014774 0.011838 0.009238 0.007013 0.005183 0.003726 0.002604 0.001768 0.001166 0.000746 0.000464 0.00028 0.000164 9.3e-005 5.1e-005 2.7e-005 1.4e-005 7e-006 3e-006 2e-006 1e-006
0.001887 0.002067 0.002249 0.002442 0.002649 0.00287 0.003107 0.003357 0.003624 0.003915 0.004224 0.004556 0.004912 0.005283 0.005675 0.006093 0.006534 0.007001 0.007494 0.008022 0.008586 0.009176 0.009811 0.010478 0.011186 0.011954 0.012777 0.013652 0.014599 0.015605 0.016718 0.017931 0.01929 0.020815 0.022515 0.024376 0.026397 0.028596 0.030921 0.033286 0.035606 0.037803 0.039699 0.041174 0.042226 0.042782 0.042719 0.041864 0.040298 0.038027 0.03509 0.031636 0.027775 0.023793 0.019869 0.016155 0.012783 0.00984 0.00737 0.005365 0.003794 0.002605 0.001737 0.001123 0.000704 0.000428 0.000252 0.000144 8e-005 4.3e-005 2.2e-005 1.1e-005 5e-006 3e-006 1e-006
0.002225 0.00243 0.002638 0.002858 0.003094 0.003342 0.00361 0.003895 0.004196 0.004522 0.004874 0.005248 0.005646 0.006065 0.006506 0.006975 0.007472 0.008001 0.008551 0.009131 0.009759 0.010416 0.011116 0.011851 0.012644 0.013501 0.014396 0.015348 0.016367 0.017471 0.018667 0.019966 0.0214 0.023021 0.024836 0.026837 0.029044 0.031473 0.034079 0.036812 0.039637 0.042383 0.044863 0.046981 0.048672 0.049837 0.050327 0.04999 0.04876 0.046787 0.043853 0.040215 0.035896 0.031251 0.0265 0.021882 0.017581 0.013729 0.010424 0.00769 0.005507 0.003828 0.00258 0.001686 0.001068 0.000656 0.00039 0.000224 0.000125 6.7e-005 3.5e-005 1.8e-005 9e-006 4e-006 2e-006
0.002609 0.002843 0.00308 0.003331 0.003597 0.003877 0.004182 0.0045 0.00484 0.005207 0.005596 0.006018 0.006464 0.006934 0.007432 0.007964 0.008516 0.009114 0.009719 0.010354 0.011055 0.011793 0.012572 0.013376 0.014261 0.015197 0.016186 0.01723 0.018347 0.019569 0.020841 0.022222 0.023759 0.025453 0.027394 0.029515 0.031916 0.034545 0.037425 0.040529 0.043791 0.047092 0.050243 0.053133 0.055593 0.057472 0.058668 0.059063 0.058404 0.056934 0.054183 0.050496 0.045921 0.040649 0.035045 0.029413 0.024006 0.019037 0.014666 0.010974 0.007964 0.005605 0.003824 0.002528 0.001619 0.001003 0.000601 0.000348 0.000195 0.000106 5.5e-005 2.8e-005 1.4e-005 6e-006 3e-006
0.003043 0.003308 0.003575 0.003857 0.004156 0.004474 0.004817 0.005174 0.005555 0.005966 0.006402 0.006874 0.007369 0.007897 0.008456 0.009044 0.009664 0.010322 0.011007 0.011737 0.012495 0.013299 0.014168 0.015075 0.016044 0.017072 0.018177 0.01933 0.020546 0.021861 0.023252 0.024746 0.02637 0.028186 0.030203 0.032466 0.035008 0.03785 0.040986 0.04445 0.048143 0.051987 0.05585 0.059533 0.062915 0.065753 0.06783 0.069049 0.069267 0.068424 0.066213 0.062755 0.058059 0.052368 0.045924 0.039202 0.03253 0.026223 0.020527 0.015587 0.011474 0.008187 0.005658 0.003786 0.002451 0.001535 0.000929 0.000543 0.000306 0.000167 8.8e-005 4.4e-005 2.2e-005 1e-005 5e-006
0.003532 0.003828 0.004128 0.004444 0.004784 0.005144 0.005527 0.005927 0.006356 0.006811 0.007295 0.007816 0.008367 0.008953 0.009582 0.010238 0.010935 0.011653 0.012446 0.013263 0.014079 0.014955 0.01593 0.016942 0.018016 0.019135 0.020352 0.021632 0.022987 0.024414 0.02594 0.027555 0.029317 0.031243 0.033345 0.035728 0.038393 0.041445 0.044816 0.048598 0.052747 0.057155 0.061636 0.066166 0.070599 0.074549 0.077721 0.080002 0.081281 0.081378 0.080042 0.077092 0.072617 0.066702 0.059611 0.05182 0.043766 0.035893 0.028562 0.022037 0.016471 0.011925 0.008354 0.005661 0.00371 0.002348 0.001435 0.000846 0.000481 0.000263 0.000139 7.1e-005 3.5e-005 1.7e-005 8e-006
0.004078 0.004411 0.004745 0.005103 0.005483 0.005889 0.006318 0.00677 0.007247 0.007755 0.008296 0.008871 0.00948 0.01011 0.010821 0.011552 0.012336 0.013153 0.014018 0.014916 0.015826 0.016822 0.017868 0.018976 0.020164 0.021413 0.022756 0.024175 0.02567 0.027269 0.028927 0.030655 0.032579 0.034659 0.036884 0.039383 0.042189 0.045394 0.048958 0.053112 0.057735 0.062566 0.067609 0.073031 0.078494 0.083728 0.088272 0.091831 0.094486 0.095874 0.095681 0.093675 0.089785 0.084055 0.076608 0.067878 0.058405 0.048778 0.039506 0.030996 0.023546 0.017311 0.012302 0.008452 0.005608 0.003592 0.002218 0.00132 0.000757 0.000417 0.000222 0.000113 5.6e-005 2.7e-005 1.2e-005
0.004686 0.005059 0.005436 0.00584 0.006266 0.006717 0.007207 0.007712 0.008237 0.008807 0.009403 0.010035 0.010697 0.011403 0.012181 0.013002 0.013888 0.014792 0.015735 0.016753 0.017786 0.018859 0.019989 0.021235 0.022538 0.02393 0.025397 0.026963 0.028605 0.030379 0.032205 0.034138 0.036243 0.038487 0.040894 0.043484 0.04646 0.049766 0.053701 0.058229 0.063051 0.068344 0.07411 0.080188 0.0868 0.093456 0.099377 0.104571 0.108789 0.111739 0.113202 0.112605 0.109785 0.104637 0.097352 0.088053 0.077236 0.065789 0.054281 0.04336 0.033515 0.025043 0.018077 0.0126 0.008474 0.005496 0.003433 0.002064 0.001194 0.000664 0.000354 0.000182 9e-005 4.3e-005 2e-005
0.005364 0.005784 0.006208 0.006651 0.007125 0.007628 0.008179 0.008747 0.009331 0.009961 0.010625 0.011316 0.012033 0.012829 0.013697 0.014592 0.015562 0.01658 0.017643 0.018762 0.019914 0.021117 0.022368 0.023694 0.025135 0.026679 0.028286 0.030012 0.031828 0.033788 0.03586 0.038015 0.040279 0.042761 0.045397 0.048199 0.051269 0.054851 0.059373 0.064042 0.068907 0.075089 0.081359 0.087902 0.095893 0.103533 0.111024 0.118029 0.124147 0.129147 0.132572 0.133924 0.132793 0.128996 0.122266 0.112857 0.101222 0.087984 0.074058 0.060295 0.047467 0.036101 0.026487 0.018751 0.012796 0.00841 0.005318 0.003234 0.001889 0.001059 0.000569 0.000293 0.000145 6.9e-005 3.2e-005
0.006115 0.006585 0.007059 0.007549 0.008065 0.008639 0.009244 0.009888 0.010552 0.011234 0.011956 0.012708 0.013519 0.014423 0.015345 0.016319 0.017393 0.018527 0.01972 0.020954 0.022265 0.023603 0.024985 0.026423 0.027998 0.029707 0.031478 0.033367 0.035393 0.03756 0.039824 0.042253 0.044801 0.047508 0.050403 0.053483 0.056897 0.061032 0.065182 0.070175 0.075984 0.082584 0.089078 0.096511 0.105516 0.113934 0.123258 0.132049 0.14052 0.148129 0.153933 0.157736 0.159029 0.157164 0.15192 0.143188 0.131217 0.116569 0.100189 0.083282 0.066896 0.051817 0.038704 0.027856 0.019306 0.01287 0.008247 0.005077 0.002996 0.001693 0.000917 0.000475 0.000236 0.000113 5.2e-005
0.00694 0.007465 0.007988 0.00853 0.009111 0.009745 0.010419 0.011133 0.011883 0.012647 0.013427 0.01425 0.015155 0.016138 0.017159 0.018249 0.019392 0.020611 0.021946 0.023358 0.024809 0.02629 0.027853 0.029482 0.031166 0.033033 0.03497 0.037047 0.039291 0.04168 0.044199 0.046953 0.049835 0.052776 0.055915 0.059374 0.063196 0.067305 0.071875 0.076951 0.083716 0.090423 0.097775 0.106384 0.115589 0.125361 0.136228 0.146929 0.157988 0.168514 0.177459 0.184213 0.188487 0.189525 0.186697 0.179643 0.168194 0.152872 0.134479 0.114255 0.093693 0.074073 0.056395 0.041317 0.029116 0.019709 0.012809 0.007987 0.004768 0.002724 0.001487 0.000775 0.000387 0.000185 8.5e-005
0.007838 0.008421 0.009007 0.009613 0.010261 0.010942 0.011695 0.012491 0.013328 0.014196 0.015054 0.015936 0.016953 0.01803 0.01917 0.020328 0.021578 0.022898 0.024373 0.025989 0.027595 0.029245 0.031004 0.032817 0.034672 0.036701 0.038806 0.041122 0.043613 0.046243 0.049024 0.052092 0.055396 0.058711 0.062182 0.065859 0.069931 0.07442 0.079731 0.085446 0.092329 0.099989 0.10792 0.117112 0.126986 0.138329 0.150419 0.162839 0.176552 0.19027 0.202904 0.213546 0.221484 0.226306 0.226731 0.222883 0.213331 0.198293 0.17869 0.155395 0.130394 0.105349 0.081881 0.06116 0.043854 0.030172 0.019917 0.012595 0.007615 0.004396 0.002423 0.001273 0.000638 0.000305 0.00014
0.008806 0.009456 0.010096 0.010781 0.011503 0.012248 0.013067 0.013948 0.014896 0.015858 0.016819 0.017818 0.018914 0.020111 0.021355 0.02266 0.023978 0.025428 0.027084 0.028846 0.030631 0.032493 0.034473 0.03651 0.038585 0.040741 0.043119 0.045657 0.048336 0.05128 0.05431 0.057658 0.061461 0.065344 0.069205 0.073474 0.077907 0.08288 0.088633 0.095044 0.102916 0.111038 0.119606 0.129179 0.140305 0.15301 0.165873 0.180018 0.196372 0.213724 0.23043 0.245771 0.258785 0.268088 0.273239 0.273903 0.267718 0.254425 0.234951 0.209552 0.180039 0.149006 0.118421 0.090342 0.066037 0.046224 0.030999 0.019918 0.01222 0.007136 0.003965 0.002098 0.001058 0.000508 0.000233
0.009845 0.010552 0.011264 0.012041 0.012837 0.013675 0.014545 0.015526 0.016548 0.017626 0.018717 0.019861 0.021065 0.022365 0.023696 0.025113 0.026614 0.028237 0.030008 0.031869 0.033842 0.035955 0.038222 0.040491 0.04282 0.045246 0.047814 0.05061 0.053605 0.056843 0.060189 0.063783 0.067866 0.072682 0.077116 0.081774 0.086969 0.092755 0.098932 0.106201 0.114337 0.123038 0.132474 0.143391 0.15496 0.168323 0.18294 0.199564 0.218615 0.239531 0.260526 0.281084 0.300074 0.31571 0.327242 0.333141 0.331963 0.322867 0.305258 0.279648 0.246676 0.209138 0.170459 0.133039 0.099326 0.070805 0.048292 0.031575 0.019668 0.011642 0.006548 0.003493 0.001772 0.000852 0.000391
0.010915 0.011707 0.012511 0.013347 0.014248 0.015164 0.016136 0.017213 0.01831 0.019503 0.020775 0.022102 0.023434 0.024815 0.026275 0.027786 0.02946 0.031203 0.033064 0.035085 0.037253 0.039701 0.042209 0.044746 0.047405 0.050157 0.053017 0.056061 0.059379 0.063079 0.066837 0.070737 0.075208 0.080855 0.085875 0.091019 0.097096 0.103404 0.110834 0.118907 0.127546 0.137157 0.14723 0.159244 0.171565 0.18545 0.203418 0.2223 0.244235 0.267883 0.293516 0.319568 0.345452 0.368837 0.388065 0.401616 0.407943 0.405438 0.392359 0.368746 0.33445 0.291391 0.243691 0.195015 0.14909 0.10863 0.075572 0.050259 0.031779 0.019046 0.010828 0.005838 0.002973 0.001437 0.000661
0.012039 0.012925 0.013803 0.014718 0.015702 0.016716 0.017818 0.018983 0.020197 0.021516 0.022914 0.024395 0.025875 0.027389 0.028972 0.030701 0.032484 0.034358 0.036388 0.038581 0.040929 0.043669 0.046475 0.049397 0.052423 0.0555 0.058691 0.061974 0.065569 0.069817 0.074265 0.078846 0.084063 0.090017 0.096059 0.101633 0.108144 0.114923 0.123156 0.132924 0.142995 0.153152 0.16441 0.177335 0.191025 0.207805 0.226915 0.248102 0.272739 0.300277 0.33048 0.362769 0.396024 0.428394 0.457854 0.48162 0.497591 0.504266 0.499441 0.480839 0.448219 0.402236 0.345667 0.284252 0.223119 0.166718 0.118506 0.080198 0.051565 0.031395 0.018053 0.009795 0.005018 0.002432 0.001118
0.013203 0.014155 0.01511 0.016135 0.017182 0.01831 0.019523 0.020811 0.022163 0.023584 0.025056 0.026682 0.028338 0.030055 0.031786 0.033687 0.035733 0.037785 0.039989 0.042391 0.04489 0.047754 0.050914 0.054388 0.057816 0.061236 0.064818 0.068566 0.072585 0.077374 0.082357 0.087592 0.093946 0.100972 0.107627 0.113969 0.120517 0.128313 0.137486 0.14833 0.159564 0.171492 0.18484 0.198991 0.214772 0.23265 0.254742 0.278289 0.306526 0.338188 0.373547 0.412186 0.453344 0.495743 0.537345 0.574288 0.603257 0.622447 0.629357 0.620846 0.594131 0.548778 0.486229 0.411499 0.332169 0.254939 0.186078 0.128736 0.084104 0.051923 0.030249 0.016609 0.008572 0.00417 0.001918
0.01434 0.01536 0.016416 0.017533 0.018675 0.019883 0.021151 0.022578 0.024065 0.025604 0.027203 0.028958 0.030896 0.032871 0.034828 0.036905 0.039177 0.04157 0.043979 0.046587 0.049251 0.052104 0.055649 0.059527 0.063571 0.067588 0.07165 0.07606 0.080406 0.085727 0.091409 0.097454 0.104639 0.112115 0.119374 0.126999 0.135156 0.144075 0.154308 0.165936 0.178217 0.192316 0.207541 0.224186 0.242656 0.264152 0.287364 0.314774 0.346785 0.383082 0.424168 0.469903 0.519693 0.572934 0.628012 0.680631 0.727288 0.763897 0.78715 0.793472 0.779037 0.740467 0.676579 0.591052 0.491562 0.388135 0.290662 0.205795 0.137264 0.086281 0.051151 0.028456 0.014803 0.007205 0.003317
0.015415 0.016516 0.017662 0.018845 0.020084 0.02136 0.022756 0.024249 0.025839 0.027575 0.029371 0.031218 0.033412 0.035596 0.03785 0.040258 0.042846 0.045577 0.048171 0.051051 0.053873 0.056879 0.060807 0.065044 0.069794 0.074498 0.079293 0.083933 0.088706 0.095298 0.101656 0.108253 0.115319 0.124173 0.132938 0.142049 0.151853 0.162292 0.173724 0.18606 0.200205 0.217422 0.235233 0.254683 0.276073 0.300417 0.327927 0.358281 0.394914 0.436605 0.484393 0.538076 0.597518 0.662588 0.732555 0.804092 0.872251 0.932324 0.978349 1.00575 1.010516 0.9874 0.930541 0.84047 0.722912 0.588145 0.453345 0.329657 0.22512 0.144861 0.087491 0.049219 0.025836 0.012664 0.005823
0.016368 0.017552 0.018757 0.020026 0.021393 0.022791 0.024281 0.025884 0.027581 0.029486 0.03145 0.033532 0.035802 0.038136 0.040869 0.043603 0.046444 0.049193 0.05227 0.055423 0.058642 0.062098 0.066336 0.071002 0.076324 0.081619 0.086952 0.092332 0.098415 0.105275 0.112648 0.120262 0.12846 0.13777 0.148454 0.159201 0.170217 0.18261 0.196346 0.209976 0.22642 0.247739 0.268583 0.291539 0.316611 0.344238 0.376316 0.411606 0.453307 0.501395 0.556792 0.620014 0.690791 0.769082 0.855345 0.947574 1.041352 1.131021 1.208722 1.266772 1.299901 1.301654 1.26429 1.180322 1.052053 0.888285 0.705906 0.529081 0.371782 0.244424 0.150365 0.085909 0.045622 0.022588 0.010386
0.017207 0.018447 0.019709 0.021064 0.022551 0.024054 0.025643 0.027381 0.029157 0.031221 0.033406 0.035681 0.03807 0.040574 0.043538 0.046478 0.049468 0.052671 0.056166 0.059774 0.063494 0.067569 0.072092 0.076992 0.083044 0.088779 0.094417 0.100555 0.107459 0.115318 0.12371 0.132543 0.142142 0.152894 0.164774 0.177264 0.190559 0.205453 0.222225 0.238642 0.258116 0.283596 0.308307 0.336133 0.365139 0.397088 0.434685 0.475811 0.523531 0.579267 0.644272 0.718708 0.803009 0.896972 1.002057 1.117075 1.240044 1.364442 1.483939 1.586206 1.660258 1.700036 1.696445 1.636174 1.512005 1.324705 1.091472 0.848289 0.615483 0.415276 0.260442 0.151495 0.081539 0.040609 0.018678
0.017903 0.019192 0.020512 0.021934 0.023492 0.02509 0.026807 0.028611 0.030524 0.032718 0.034946 0.03737 0.039898 0.04253 0.045544 0.048774 0.052167 0.055801 0.059676 0.063731 0.068016 0.072631 0.077668 0.083339 0.088953 0.095001 0.101166 0.108191 0.116191 0.125477 0.134923 0.145607 0.156941 0.169079 0.182713 0.196507 0.212293 0.230248 0.250555 0.270915 0.29414 0.323427 0.353259 0.386434 0.421274 0.459576 0.50368 0.552245 0.607893 0.672601 0.749079 0.837337 0.937542 1.050942 1.179081 1.320922 1.476569 1.641761 1.810984 1.970309 2.106916 2.205096 2.253242 2.239288 2.141039 1.953433 1.677132 1.353856 1.016752 0.71036 0.458198 0.271891 0.148682 0.074086 0.034177
0.018401 0.019717 0.021059 0.02253 0.024107 0.025821 0.027636 0.029545 0.031597 0.033808 0.036105 0.03875 0.041312 0.044064 0.047197 0.050826 0.054486 0.058209 0.062199 0.066982 0.071805 0.076826 0.082701 0.088422 0.094167 0.100308 0.107482 0.115613 0.125188 0.135501 0.146561 0.15874 0.171502 0.185944 0.201246 0.216569 0.235728 0.257273 0.280629 0.306747 0.335712 0.366476 0.403973 0.442591 0.483663 0.532027 0.583885 0.641713 0.707761 0.783508 0.872927 0.97825 1.097353 1.23494 1.391501 1.565719 1.759154 1.972065 2.198102 2.429242 2.648041 2.832659 2.963591 3.023726 2.988944 2.832868 2.549685 2.149288 1.681112 1.220975 0.814508 0.495699 0.274339 0.137855 0.063661
0.018692 0.020008 0.021381 0.022867 0.024433 0.026137 0.027974 0.029999 0.032071 0.034354 0.03683 0.039417 0.041995 0.044903 0.04831 0.052031 0.056005 0.059808 0.064012 0.069435 0.074254 0.079644 0.085903 0.092035 0.098708 0.105337 0.113602 0.122675 0.133682 0.145012 0.157822 0.171423 0.186061 0.20332 0.220111 0.238673 0.261041 0.285866 0.312891 0.342854 0.376111 0.413052 0.456368 0.505609 0.558235 0.613308 0.677196 0.747353 0.826976 0.915803 1.020213 1.145622 1.289477 1.455942 1.647297 1.861801 2.10118 2.364609 2.652516 2.96766 3.290106 3.594996 3.858293 4.047327 4.132463 4.065698 3.813272 3.36927 2.76536 2.101212 1.455538 0.913667 0.517324 0.263478 0.121513
0.018867 0.020218 0.021628 0.023072 0.024556 0.026218 0.028069 0.030046 0.032123 0.034369 0.036767 0.03926 0.041926 0.044975 0.048297 0.051957 0.05607 0.060234 0.065221 0.06998 0.07506 0.080825 0.087401 0.094363 0.101877 0.109875 0.118724 0.128668 0.141392 0.154574 0.168848 0.183501 0.20033 0.218906 0.239007 0.261336 0.286909 0.31522 0.34716 0.37977 0.41937 0.465374 0.517829 0.577589 0.639475 0.705958 0.783511 0.870146 0.966453 1.074123 1.197122 1.3446 1.514742 1.720873 1.954795 2.218022 2.514544 2.84451 3.20296 3.614051 4.061517 4.521181 4.967948 5.353925 5.626686 5.746497 5.625711 5.204205 4.496517 3.590593 2.606279 1.702731 0.990786 0.514548 0.239094
0.018939 0.02025 0.021639 0.023042 0.024526 0.02618 0.027929 0.029866 0.031923 0.034121 0.036482 0.038999 0.04176 0.044781 0.048008 0.051814 0.055923 0.060012 0.065065 0.070243 0.075062 0.080774 0.087535 0.09478 0.103165 0.111983 0.121783 0.133449 0.147236 0.162445 0.176974 0.192909 0.212847 0.232622 0.257485 0.282902 0.313261 0.345284 0.382221 0.419773 0.466479 0.521996 0.584306 0.651066 0.72435 0.808126 0.903198 1.008516 1.127638 1.258534 1.405899 1.579717 1.777661 2.025663 2.320121 2.647782 3.011063 3.428078 3.876364 4.398127 4.998492 5.648237 6.333969 7.016967 7.605931 8.022467 8.18802 7.944662 7.263848 6.134759 4.698132 3.221436 1.951478 1.037605 0.482086
