test/lembang_mmi_hazmap.asc
ncols         446
nrows         251
xllcorner     105.29857
yllcorner     -8.376433
cellsize      0.0112
NODATA_value  -9999
[rows 196 to 223 of 251, columns 189 to 251 of 446]
5.424345 5.425421 5.426226 5.426584 5.426814 5.426849 5.426848 5.426848 5.426847 5.426847 5.426848 5.426847 5.426847 5.426848 5.426847 5.426847 5.426848 5.426847 5.426847 5.426848 5.426847 5.426847 5.426848 5.426847 5.426847 5.426848 5.426847 5.426847 5.426848 5.426847 5.426849 5.426848 5.426752 5.426331 5.425634 5.424946 5.423676 5.42223 5.421182 5.41939 5.417157 5.415355 5.412401 5.409119 5.406608 5.40292 5.398864 5.395663 5.39099 5.386302 5.383121 5.37778 5.372267 5.368763 5.362892 5.35111 5.302239 5.214727 5.182066 5.179758 5.19685 5.137995 5.177418
5.399675 5.400729 5.401515 5.401863 5.402089 5.402122 5.402122 5.402121 5.402121 5.402121 5.402121 5.402121 5.402121 5.402121 5.402121 5.402121 5.402121 5.402121 5.402121 5.402121 5.402121 5.402121 5.402121 5.402121 5.402121 5.402121 5.402121 5.402121 5.402121 5.402121 5.402122 5.402122 5.402029 5.401617 5.400935 5.400274 5.39903 5.397521 5.396307 5.394264 5.391947 5.390163 5.387294 5.384161 5.381821 5.37817 5.374259 5.37138 5.366942 5.36228 5.358923 5.353749 5.34834 5.344502 5.338834 5.333256 5.328027 5.309712 5.293397 5.287495 5.291641 5.271358 5.275907
5.382897 5.383934 5.384707 5.385049 5.385272 5.385304 5.385304 5.385303 5.385303 5.385303 5.385303 5.385303 5.385303 5.385303 5.385303 5.385303 5.385303 5.385303 5.385303 5.385303 5.385303 5.385303 5.385303 5.385303 5.385303 5.385303 5.385303 5.385303 5.385303 5.385303 5.385304 5.385303 5.385212 5.384807 5.384137 5.383487 5.382266 5.380781 5.379573 5.377543 5.375256 5.3735 5.370677 5.367602 5.365309 5.361708 5.357862 5.355046 5.350687 5.346093 5.342768 5.337677 5.332361 5.328545 5.322754 5.316841 5.312952 5.306397 5.299533 5.294846 5.288123 5.280368 5.273356
5.358697 5.359708 5.360463 5.360799 5.361015 5.361048 5.361047 5.361046 5.361046 5.361046 5.361046 5.361047 5.361047 5.361046 5.361046 5.361046 5.361046 5.361047 5.361047 5.361046 5.361046 5.361046 5.361046 5.361047 5.361047 5.361046 5.361046 5.361046 5.361046 5.361047 5.361047 5.361046 5.360957 5.360561 5.359908 5.35927 5.358078 5.356631 5.355445 5.353466 5.351236 5.349511 5.346756 5.343755 5.341501 5.337986 5.334232 5.331463 5.327209 5.322723 5.319454 5.314485 5.309293 5.305543 5.299882 5.294009 5.289839 5.283624 5.277178 5.272538 5.265563 5.258399 5.250923
5.334705 5.335697 5.336435 5.336761 5.336973 5.337004 5.337004 5.337003 5.337003 5.337003 5.337003 5.337003 5.337003 5.337003 5.337003 5.337003 5.337003 5.337003 5.337003 5.337003 5.337003 5.337003 5.337003 5.337003 5.337003 5.337003 5.337003 5.337003 5.337003 5.337003 5.337004 5.337004 5.336917 5.33653 5.335889 5.335269 5.334103 5.332685 5.331534 5.329597 5.32741 5.325734 5.323037 5.320094 5.317904 5.314462 5.310781 5.308089 5.303921 5.299522 5.296345 5.291476 5.286382 5.282736 5.277191 5.271429 5.267333 5.261146 5.254752 5.250226 5.243434 5.236375 5.229051
5.318408 5.319385 5.320111 5.320432 5.320641 5.320672 5.320671 5.320671 5.320671 5.320671 5.320671 5.320671 5.320671 5.320671 5.320671 5.320671 5.320671 5.320671 5.320671 5.320671 5.320671 5.320671 5.320671 5.320671 5.320671 5.320671 5.320671 5.320671 5.320671 5.320671 5.320671 5.320671 5.320586 5.320205 5.319574 5.318964 5.317815 5.31642 5.315287 5.313379 5.311227 5.309578 5.306921 5.304025 5.30187 5.298479 5.294856 5.292206 5.288098 5.283769 5.28064 5.27584 5.270826 5.267236 5.261767 5.256097 5.252063 5.245954 5.239655 5.235196 5.228497 5.221532 5.214322
5.29486 5.295811 5.296522 5.296837 5.29704 5.297071 5.29707 5.29707 5.29707 5.29707 5.29707 5.29707 5.29707 5.29707 5.29707 5.29707 5.29707 5.29707 5.29707 5.29707 5.29707 5.29707 5.29707 5.29707 5.29707 5.29707 5.29707 5.29707 5.29707 5.29707 5.297071 5.29707 5.296986 5.296614 5.296 5.295399 5.294278 5.292916 5.291802 5.289939 5.287839 5.286217 5.283623 5.280796 5.278676 5.275364 5.271826 5.269219 5.265208 5.260979 5.2579 5.253211 5.248311 5.244778 5.239435 5.233891 5.22992 5.223951 5.217789 5.2134 5.206853 5.200027 5.19296
5.271511 5.272444 5.273139 5.273446 5.273646 5.273674 5.273674 5.273674 5.273674 5.273674 5.273674 5.273674 5.273674 5.273674 5.273674 5.273674 5.273674 5.273674 5.273674 5.273674 5.273674 5.273674 5.273674 5.273674 5.273674 5.273674 5.273674 5.273674 5.273674 5.273674 5.273674 5.273674 5.273593 5.273229 5.272625 5.272042 5.270944 5.269608 5.268526 5.266701 5.264641 5.263064 5.260522 5.257749 5.255688 5.252442 5.248971 5.246436 5.242504 5.238353 5.235358 5.230762 5.225952 5.222512 5.217274 5.21183 5.207964 5.20211 5.196058 5.191782 5.185357 5.178671 5.171747
5.255666 5.256586 5.25727 5.257572 5.257769 5.257797 5.257797 5.257797 5.257797 5.257797 5.257797 5.257797 5.257797 5.257797 5.257797 5.257797 5.257797 5.257797 5.257797 5.257797 5.257797 5.257797 5.257797 5.257797 5.257797 5.257797 5.257797 5.257797 5.257797 5.257797 5.257797 5.257796 5.257717 5.257358 5.256764 5.25619 5.255108 5.253793 5.252727 5.250929 5.248901 5.247348 5.244843 5.242113 5.240083 5.236884 5.233466 5.230969 5.227092 5.223005 5.220055 5.215521 5.210785 5.207397 5.202229 5.196868 5.193058 5.18728 5.18132 5.177104 5.170762 5.164168 5.15734
5.232738 5.233635 5.234304 5.234601 5.234792 5.234821 5.23482 5.23482 5.23482 5.23482 5.23482 5.23482 5.23482 5.23482 5.23482 5.23482 5.23482 5.23482 5.23482 5.23482 5.23482 5.23482 5.23482 5.23482 5.23482 5.23482 5.23482 5.23482 5.23482 5.23482 5.23482 5.23482 5.234741 5.234391 5.233811 5.233247 5.23219 5.230906 5.229857 5.2281 5.22612 5.224591 5.222145 5.219476 5.217479 5.214354 5.211013 5.208555 5.204768 5.200772 5.197868 5.193437 5.188805 5.185469 5.180417 5.175172 5.171421 5.165771 5.159937 5.155787 5.149585 5.143119 5.136422
5.209995 5.210876 5.211532 5.21182 5.212008 5.212036 5.212035 5.212035 5.212035 5.212035 5.212035 5.212035 5.212035 5.212035 5.212035 5.212035 5.212035 5.212035 5.212035 5.212035 5.212035 5.212035 5.212035 5.212035 5.212035 5.212035 5.212035 5.212035 5.212035 5.212035 5.212035 5.212035 5.211959 5.211616 5.211046 5.210497 5.209462 5.208202 5.207181 5.205459 5.203515 5.202029 5.19963 5.197011 5.195067 5.192003 5.188724 5.186332 5.182617 5.178694 5.175867 5.171521 5.166972 5.163723 5.158767 5.153615 5.149959 5.144416 5.138684 5.134637 5.128547 5.122212 5.115648
5.194582 5.195449 5.196095 5.19638 5.196565 5.196592 5.196591 5.196591 5.196591 5.196591 5.196591 5.196591 5.196591 5.196591 5.196591 5.196591 5.196591 5.196591 5.196591 5.196591 5.196591 5.196591 5.196591 5.196591 5.196591 5.196591 5.196591 5.196591 5.196591 5.196591 5.196592 5.196591 5.196516 5.196178 5.195618 5.195077 5.194056 5.192815 5.19181 5.190113 5.188197 5.186734 5.184368 5.181788 5.179873 5.176852 5.173621 5.171265 5.167601 5.163736 5.16095 5.156661 5.152181 5.148978 5.144087 5.139011 5.135407 5.129935 5.124287 5.120296 5.114283 5.108032 5.101557
5.17224 5.173087 5.173718 5.173998 5.174179 5.174206 5.174205 5.174205 5.174205 5.174205 5.174205 5.174205 5.174205 5.174205 5.174205 5.174205 5.174205 5.174205 5.174205 5.174205 5.174205 5.174205 5.174205 5.174205 5.174205 5.174205 5.174205 5.174205 5.174205 5.174205 5.174205 5.174205 5.174131 5.1738 5.173253 5.17272 5.171722 5.17051 5.169521 5.167861 5.165989 5.164548 5.162236 5.159715 5.157829 5.154874 5.151716 5.149395 5.145813 5.142033 5.139288 5.135095 5.13071 5.127556 5.122772 5.117804 5.114254 5.1089 5.103369 5.099438 5.093555 5.087423 5.081069
5.150075 5.150908 5.151527 5.151799 5.151977 5.152003 5.152002 5.152002 5.152002 5.152002 5.152002 5.152002 5.152002 5.152002 5.152002 5.152002 5.152002 5.152002 5.152002 5.152002 5.152002 5.152002 5.152002 5.152002 5.152002 5.152002 5.152002 5.152002 5.152002 5.152002 5.152003 5.152002 5.15193 5.151607 5.151069 5.150551 5.149572 5.148381 5.147418 5.145791 5.143953 5.14255 5.140281 5.137805 5.13597 5.133071 5.129969 5.127709 5.124194 5.12048 5.117807 5.113692 5.109384 5.10631 5.101614 5.096731 5.09327 5.088014 5.082578 5.078743 5.072964 5.066953 5.060722
5.135069 5.135889 5.136499 5.136767 5.136943 5.136968 5.136968 5.136968 5.136967 5.136967 5.136967 5.136967 5.136967 5.136967 5.136967 5.136967 5.136967 5.136967 5.136967 5.136967 5.136967 5.136967 5.136967 5.136967 5.136967 5.136967 5.136967 5.136967 5.136967 5.136967 5.136968 5.136967 5.136897 5.136578 5.136048 5.135537 5.134572 5.133399 5.13245 5.130845 5.129034 5.127651 5.125414 5.122974 5.121164 5.118305 5.115248 5.113019 5.109551 5.105892 5.103256 5.099195 5.094949 5.091918 5.087282 5.08247 5.079056 5.073866 5.068508 5.064724 5.059015 5.053083 5.046934
5.113284 5.114085 5.114682 5.114946 5.115118 5.115142 5.115141 5.115142 5.115141 5.115141 5.115142 5.115141 5.115141 5.115142 5.115141 5.115141 5.115142 5.115141 5.115141 5.115142 5.115141 5.115141 5.115142 5.115141 5.115141 5.115142 5.115141 5.115141 5.115142 5.115141 5.115142 5.115141 5.115072 5.114759 5.114242 5.113739 5.112795 5.111648 5.110714 5.109144 5.107372 5.10601 5.103822 5.101435 5.099653 5.096856 5.093865 5.09167 5.088277 5.084695 5.082098 5.078125 5.073968 5.070982 5.066444 5.061732 5.058369 5.053286 5.048036 5.044308 5.03872 5.032892 5.026833
5.09167 5.092457 5.093043 5.0933 5.093469 5.093493 5.093492 5.093492 5.093492 5.093492 5.093492 5.093492 5.093492 5.093492 5.093492 5.093492 5.093492 5.093492 5.093492 5.093492 5.093492 5.093492 5.093492 5.093492 5.093492 5.093492 5.093492 5.093492 5.093492 5.093492 5.093493 5.093492 5.093424 5.093118 5.092609 5.09212 5.091194 5.090067 5.089156 5.087616 5.085876 5.084549 5.082402 5.080057 5.07832 5.075574 5.072636 5.070497 5.067165 5.063646 5.061114 5.057212 5.053127 5.050216 5.045757 5.041124 5.03784 5.032836 5.027665 5.024019 5.0185 5.012738 5.006874
5.077047 5.077824 5.078401 5.078654 5.078821 5.078845 5.078844 5.078844 5.078844 5.078844 5.078844 5.078844 5.078844 5.078844 5.078844 5.078844 5.078844 5.078844 5.078844 5.078844 5.078844 5.078844 5.078844 5.078844 5.078844 5.078844 5.078844 5.078844 5.078844 5.078844 5.078844 5.078844 5.078777 5.078475 5.077973 5.07749 5.076577 5.075466 5.074569 5.07305 5.071334 5.070026 5.067907 5.065595 5.063882 5.061173 5.058276 5.056167 5.052878 5.049407 5.046909 5.043057 5.039029 5.036147 5.031723 5.027134 5.023864 5.019049 5.013963 5.010372 5.005025 4.999447 4.997094
5.055793 5.056553 5.057118 5.057368 5.05753 5.057554 5.057553 5.057553 5.057553 5.057553 5.057553 5.057553 5.057553 5.057553 5.057553 5.057553 5.057553 5.057553 5.057553 5.057553 5.057553 5.057553 5.057553 5.057553 5.057553 5.057553 5.057553 5.057553 5.057553 5.057553 5.057553 5.057553 5.057487 5.057191 5.056701 5.056225 5.055331 5.054245 5.05336 5.051873 5.050194 5.048905 5.046831 5.044568 5.04288 5.040227 5.037391 5.035312 5.032086 5.028659 5.026183 5.022396 5.018425 5.015506 5.011487 5.006986 5.003901 5.002248 4.998755 4.996342 4.995989 4.993784 4.991497
5.034684 5.035431 5.035987 5.036231 5.036391 5.036413 5.036413 5.036413 5.036413 5.036413 5.036413 5.036413 5.036413 5.036413 5.036413 5.036413 5.036413 5.036413 5.036413 5.036413 5.036413 5.036413 5.036413 5.036413 5.036413 5.036413 5.036413 5.036413 5.036413 5.036413 5.036413 5.036412 5.036348 5.036058 5.035575 5.035111 5.034233 5.033163 5.0323 5.030837 5.029185 5.027926 5.025887 5.023658 5.021999 5.019385 5.016588 5.014552 5.011333 5.008134 5.005723 5.002022 4.99812 4.995477 4.99838 4.996654 4.995411 4.993516 4.991538 4.99017 4.988083 4.985913 4.983664
5.020459 5.021192 5.021737 5.021975 5.022132 5.022154 5.022154 5.022154 5.022154 5.022154 5.022154 5.022154 5.022154 5.022154 5.022154 5.022154 5.022154 5.022154 5.022154 5.022154 5.022154 5.022154 5.022154 5.022154 5.022154 5.022154 5.022154 5.022154 5.022154 5.022154 5.022154 5.022153 5.02209 5.021807 5.021332 5.020877 5.020016 5.018966 5.018121 5.016685 5.015063 5.013832 5.011827 5.009623 5.008079 5.005508 5.00276 5.000771 4.997713 4.999682 4.998781 4.997307 4.995768 4.994691 4.993027 4.991275 4.990063 4.988181 4.986235 4.984889 4.98281 4.980669 4.978446
5.002928 5.003438 5.003817 5.003982 5.004091 5.004106 5.004106 5.004106 5.004106 5.004106 5.004106 5.004106 5.004106 5.004106 5.004106 5.004106 5.004106 5.004106 5.004106 5.004106 5.004106 5.004106 5.004106 5.004106 5.004106 5.004106 5.004106 5.004106 5.004106 5.004106 5.004106 5.004106 5.004062 5.003865 5.003535 5.003221 5.002622 5.001892 5.001308 5.00031 4.999183 4.998333 4.996937 4.995452 4.996965 4.995974 4.99488 4.994104 4.992863 4.991592 4.990668 4.98923 4.987723 4.986668 4.985015 4.983302 4.98211 4.980263 4.978353 4.977029 4.974991 4.972887 4.970705
4.993588 4.993874 4.994086 4.994176 4.994238 4.994246 4.994246 4.994246 4.994246 4.994246 4.994246 4.994246 4.994246 4.994246 4.994246 4.994246 4.994246 4.994246 4.994246 4.994246 4.994246 4.994246 4.994246 4.994246 4.994246 4.994246 4.994246 4.994246 4.994246 4.994246 4.994246 4.994246 4.994222 4.994112 4.993927 4.993753 4.993419 4.993011 4.992688 4.992131 4.9915 4.991031 4.990253 4.9894 4.988801 4.987806 4.986743 4.985984 4.98478 4.983502 4.982601 4.981187 4.979706 4.978668 4.977052 4.97537 4.9742 4.972387 4.970512 4.969212 4.967212 4.965146 4.963003
4.985394 4.985673 4.98588 4.98597 4.98603 4.986038 4.986038 4.986038 4.986038 4.986038 4.986038 4.986038 4.986038 4.986038 4.986038 4.986038 4.986038 4.986038 4.986038 4.986038 4.986038 4.986038 4.986038 4.986038 4.986038 4.986038 4.986038 4.986038 4.986038 4.986038 4.986038 4.986037 4.986014 4.985906 4.985726 4.985556 4.985229 4.984829 4.984513 4.983968 4.983351 4.98289 4.982129 4.981298 4.98069 4.979716 4.978672 4.977926 4.976742 4.975491 4.974607 4.973219 4.971766 4.970748 4.969161 4.96751 4.966361 4.964581 4.96274 4.961463 4.959499 4.95747 4.955366
4.977272 4.977546 4.977749 4.977837 4.977895 4.977903 4.977903 4.977903 4.977903 4.977903 4.977903 4.977903 4.977903 4.977903 4.977903 4.977903 4.977903 4.977903 4.977903 4.977903 4.977903 4.977903 4.977903 4.977903 4.977903 4.977903 4.977903 4.977903 4.977903 4.977903 4.977903 4.977903 4.97788 4.977774 4.977597 4.97743 4.977109 4.976716 4.976406 4.975871 4.975265 4.974812 4.974065 4.973248 4.972655 4.971699 4.970674 4.969942 4.968781 4.967552 4.966685 4.965322 4.963895 4.962896 4.961339 4.959717 4.95859 4.956841 4.955032 4.95378 4.95185 4.949857 4.94779
4.971877 4.972148 4.972348 4.972435 4.972493 4.9725 4.9725 4.9725 4.9725 4.9725 4.9725 4.9725 4.9725 4.9725 4.9725 4.9725 4.9725 4.9725 4.9725 4.9725 4.9725 4.9725 4.9725 4.9725 4.9725 4.9725 4.9725 4.9725 4.9725 4.9725 4.9725 4.9725 4.972478 4.972373 4.972198 4.972033 4.971716 4.971329 4.971022 4.970494 4.969895 4.969449 4.96871 4.967904 4.967318 4.966373 4.965362 4.964639 4.963491 4.962279 4.961422 4.960076 4.958666 4.95768 4.956141 4.954539 4.953426 4.951699 4.949911 4.948674 4.946767 4.944798 4.942754
4.963875 4.964141 4.964337 4.964422 4.964479 4.964487 4.964487 4.964487 4.964487 4.964487 4.964487 4.964487 4.964487 4.964487 4.964487 4.964487 4.964487 4.964487 4.964487 4.964487 4.964487 4.964487 4.964487 4.964487 4.964487 4.964487 4.964487 4.964487 4.964487 4.964487 4.964487 4.964487 4.964465 4.964362 4.96419 4.964029 4.963717 4.963337 4.963036 4.962518 4.961931 4.961492 4.960768 4.959976 4.9594 4.958474 4.957481 4.956771 4.955645 4.954454 4.953613 4.952291 4.950908 4.949938 4.948426 4.946854 4.945759 4.944063 4.942307 4.941092 4.939219 4.937284 4.935276
4.955934 4.956195 4.956388 4.956471 4.956527 4.956535 4.956535 4.956535 4.956535 4.956535 4.956535 4.956535 4.956535 4.956535 4.956535 4.956535 4.956535 4.956535 4.956535 4.956535 4.956535 4.956535 4.956535 4.956535 4.956535 4.956535 4.956535 4.956535 4.956535 4.956535 4.956535 4.956534 4.956512 4.956412 4.956244 4.956085 4.95578 4.955406 4.955111 4.954602 4.954025 4.953595 4.952884 4.952106 4.951542 4.950632 4.949656 4.94896 4.947855 4.946685 4.94586 4.944561 4.943202 4.942251 4.940766 4.93922 4.938147 4.93648 4.934755 4.933561 4.931719 4.929819 4.927845
