test/Lembang_Earthquake_Scenario.asc
ncols         599
nrows         337
xllcorner     105.3000035
yllcorner     -8.3749995
cellsize      0.008333
NODATA_value  -9999
[rows 232 to 260 of 337, columns 260 to 324 of 599]
5.687013 5.687716 5.685888 5.683888 5.686114 5.694875 5.703932 5.708937 5.708206 5.701717 5.691007 5.677693 5.668098 5.663255 5.661833 5.657331 5.644827 5.622758 5.596785 5.578423 5.57579 5.591285 5.614383 5.63404 5.639248 5.629452 5.608531 5.584543 5.567569 5.563448 5.569919 5.574953 5.57029 5.558066 5.550726 5.557622 5.575243 5.585172 5.570812 5.530293 5.481459 5.442007 5.425221 5.433 5.459826 5.486942 5.495761 5.484085 5.468947 5.463974 5.468823 5.477216 5.495748 5.529907 5.57213 5.605066 5.623417 5.633187 5.635897 5.6284 5.610935 5.594023 5.582912 5.577472 5.573696
5.665918 5.658935 5.654443 5.653938 5.658538 5.667254 5.674388 5.677993 5.677754 5.67353 5.66534 5.654264 5.645911 5.641653 5.64069 5.638148 5.629689 5.613682 5.59339 5.579078 5.576993 5.589672 5.60794 5.624559 5.631783 5.629011 5.617435 5.601702 5.589039 5.581356 5.57513 5.560627 5.537674 5.512668 5.499961 5.505839 5.526605 5.543394 5.541146 5.517529 5.486626 5.460555 5.44887 5.456167 5.480142 5.502021 5.500309 5.473685 5.447554 5.441146 5.451093 5.45947 5.469423 5.493564 5.53425 5.572757 5.596128 5.605394 5.606131 5.598955 5.585147 5.57302 5.566939 5.565789 5.562523
5.653921 5.641558 5.634348 5.631844 5.633852 5.638341 5.641575 5.642533 5.641583 5.638706 5.633818 5.627323 5.622457 5.619997 5.619712 5.619153 5.614798 5.604947 5.590536 5.580557 5.579479 5.589275 5.601554 5.61198 5.616628 5.616403 5.61178 5.604693 5.59798 5.589186 5.574468 5.548223 5.517397 5.488052 5.472155 5.470244 5.481696 5.493252 5.497934 5.495216 5.49218 5.490743 5.491562 5.498861 5.51265 5.518608 5.499975 5.460886 5.431625 5.430046 5.446497 5.454601 5.455386 5.466652 5.497348 5.531116 5.553047 5.56242 5.566163 5.564649 5.558846 5.554882 5.556828 5.561635 5.559078
5.642548 5.630808 5.623548 5.619311 5.61806 5.61761 5.616465 5.613997 5.611482 5.608921 5.606376 5.603381 5.600963 5.59943 5.599266 5.600564 5.600847 5.597997 5.58961 5.582232 5.579364 5.584296 5.590672 5.595849 5.59771 5.597691 5.595772 5.592261 5.58746 5.578064 5.561775 5.535591 5.508443 5.481869 5.464122 5.450269 5.445415 5.444918 5.452945 5.469585 5.493311 5.515213 5.528092 5.534476 5.534879 5.520777 5.485395 5.442239 5.422369 5.434814 5.458765 5.464068 5.453058 5.449096 5.463412 5.485126 5.502002 5.514553 5.526272 5.533315 5.535621 5.538989 5.548036 5.557024 5.554057
5.632961 5.623221 5.617309 5.613001 5.610392 5.607072 5.60312 5.597505 5.592896 5.58941 5.587714 5.586298 5.584643 5.58257 5.581171 5.582403 5.585433 5.588165 5.585545 5.580328 5.574925 5.574276 5.575459 5.577126 5.577492 5.577038 5.574511 5.568964 5.560639 5.549201 5.535637 5.517241 5.500313 5.481008 5.464709 5.443111 5.425657 5.415248 5.424591 5.452992 5.491708 5.525377 5.543745 5.547766 5.536611 5.505651 5.458336 5.417836 5.413878 5.444693 5.477458 5.481532 5.461295 5.444606 5.441568 5.448345 5.457525 5.472869 5.492197 5.506588 5.514835 5.523147 5.536677 5.546733 5.541912
5.625286 5.619717 5.616328 5.613149 5.611189 5.605873 5.600179 5.592549 5.587107 5.583647 5.582326 5.580595 5.57736 5.572585 5.567925 5.566296 5.568375 5.572426 5.572455 5.568362 5.561675 5.557857 5.556468 5.556742 5.556863 5.556319 5.552459 5.542953 5.528603 5.513878 5.504004 5.495766 5.489781 5.478204 5.465728 5.445012 5.425807 5.413404 5.422114 5.451445 5.490107 5.522762 5.539631 5.540594 5.522639 5.482267 5.429208 5.391948 5.398679 5.440944 5.480694 5.488437 5.467775 5.445593 5.429829 5.424656 5.427745 5.445196 5.468366 5.485009 5.493224 5.499996 5.511687 5.519133 5.513657
5.618962 5.616959 5.615694 5.613566 5.612906 5.607584 5.602397 5.593808 5.588281 5.585223 5.585025 5.58391 5.580471 5.572806 5.563378 5.555259 5.551574 5.551311 5.550131 5.546648 5.541442 5.537972 5.536404 5.536262 5.536468 5.536537 5.533104 5.522298 5.504083 5.485921 5.476671 5.474391 5.475613 5.471389 5.466009 5.454813 5.443241 5.434374 5.438593 5.458751 5.486352 5.510829 5.522912 5.521337 5.501769 5.460592 5.408761 5.372829 5.379395 5.419235 5.460298 5.475768 5.46579 5.447775 5.426746 5.413472 5.411667 5.428659 5.451175 5.465327 5.468718 5.468949 5.47473 5.479195 5.476356
-9999 -9999 5.622572 5.618026 5.616104 5.609398 5.60388 5.5976 5.595502 5.595365 5.595515 5.594122 5.590024 5.578864 5.564634 5.550347 5.540798 5.534645 5.529334 5.52416 5.519573 5.517001 5.515993 5.515892 5.516361 5.517952 5.517752 5.510994 5.494857 5.476428 5.465315 5.462991 5.465333 5.466092 5.468203 5.468444 5.465222 5.458027 5.453535 5.460258 5.475104 5.491435 5.498804 5.494743 5.476541 5.441106 5.397396 5.363568 5.363247 5.38955 5.424636 5.4461 5.450891 5.442002 5.422032 5.405137 5.401106 5.416594 5.436359 5.44581 5.442233 5.433461 5.431367 5.433482 5.435757
-9999 -9999 -9999 -9999 5.617133 5.611084 5.606405 5.601166 5.600029 5.600121 5.606303 5.607942 5.605984 5.590082 5.571342 5.552087 5.539186 5.528267 5.518038 5.508582 5.50172 5.497864 5.496248 5.495795 5.496303 5.499048 5.50227 5.501613 5.491858 5.47692 5.463701 5.456785 5.455418 5.459047 5.468544 5.47842 5.480279 5.471351 5.457983 5.452873 5.45787 5.467506 5.470494 5.462947 5.446162 5.418704 5.387913 5.361559 5.357906 5.370844 5.396407 5.418193 5.433283 5.432862 5.417528 5.400581 5.395509 5.407581 5.422863 5.427832 5.419953 5.40624 5.399346 5.39988 5.404902
-9999 -9999 -9999 -9999 -9999 -9999 -9999 5.612491 5.611275 5.609622 5.616616 5.616787 5.613462 5.589062 5.569839 5.55431 5.544096 5.532013 5.517838 5.502977 5.490641 5.482424 5.478083 5.476334 5.476357 5.47915 5.483858 5.487488 5.484339 5.475315 5.463116 5.452864 5.447274 5.451082 5.464581 5.478857 5.481872 5.469405 5.450146 5.437508 5.436945 5.441874 5.441789 5.430699 5.413806 5.391895 5.373078 5.357582 5.356741 5.362841 5.379875 5.397517 5.41465 5.417299 5.405731 5.391362 5.387764 5.397707 5.409191 5.411483 5.402991 5.389441 5.381243 5.380044 5.383905
-9999 -9999 -9999 -9999 -9999 -9999 -9999 -9999 -9999 -9999 5.6403 5.63233 5.624901 5.59021 5.571416 5.559946 5.553754 5.541049 5.525223 5.505867 5.487357 5.472416 5.46338 5.459069 5.457915 5.459133 5.462067 5.465203 5.465043 5.461569 5.454565 5.446259 5.43938 5.440362 5.451764 5.465026 5.468973 5.457031 5.437698 5.421589 5.417285 5.418914 5.418567 5.407293 5.390679 5.371152 5.359454 5.353399 5.358075 5.363431 5.375304 5.387511 5.399754 5.398443 5.385599 5.373196 5.372739 5.383804 5.394209 5.396496 5.390502 5.380919 5.373949 5.370601 5.370162
-9999 -9999 -9999 -9999 -9999 -9999 -9999 -9999 -9999 -9999 -9999 -9999 -9999 5.554473 5.563599 5.56249 5.559492 5.549577 5.533887 5.511345 5.487044 5.465562 5.453025 5.44748 5.446135 5.445597 5.444942 5.443937 5.44272 5.442757 5.443059 5.441466 5.436075 5.431207 5.433546 5.440426 5.444794 5.437147 5.422401 5.407197 5.401832 5.403022 5.405736 5.399363 5.386027 5.368177 5.357465 5.353293 5.357639 5.361345 5.37007 5.378619 5.384006 5.374135 5.354707 5.342088 5.34621 5.362921 5.376896 5.382281 5.38015 5.374415 5.368114 5.361791 5.356664
-9999 -9999 -9999 -9999 -9999 -9999 -9999 -9999 -9999 -9999 -9999 -9999 -9999 -9999 5.577349 5.569282 5.564954 5.555575 5.543256 5.517725 5.48912 5.462456 5.449307 5.445322 5.445832 5.444318 5.439248 5.431417 5.425218 5.425388 5.431702 5.438135 5.435644 5.42491 5.415613 5.413924 5.417409 5.415414 5.407321 5.396307 5.391924 5.394589 5.401748 5.403489 5.396241 5.380816 5.366982 5.357859 5.35604 5.356349 5.363259 5.369437 5.367579 5.348259 5.322001 5.310049 5.320103 5.343733 5.36234 5.371014 5.372473 5.369114 5.362062 5.351568 5.341441
-9999 -9999 -9999 -9999 -9999 -9999 -9999 -9999 -9999 -9999 -9999 -9999 -9999 -9999 -9999 5.567025 5.564898 5.557994 5.546918 5.508139 5.477103 5.456106 5.452526 5.457085 5.463608 5.463552 5.454331 5.437838 5.422463 5.41695 5.422698 5.432325 5.431679 5.418832 5.40327 5.396552 5.398143 5.399223 5.396136 5.390864 5.389332 5.394156 5.404284 5.412658 5.410522 5.395909 5.375041 5.355501 5.343588 5.339921 5.346484 5.352376 5.346327 5.323253 5.297244 5.29078 5.307281 5.334524 5.354115 5.363142 5.366581 5.364 5.355112 5.339822 5.324535
-9999 -9999 -9999 -9999 -9999 -9999 -9999 -9999 -9999 -9999 -9999 -9999 -9999 -9999 -9999 -9999 5.569371 5.560209 5.551844 5.501636 5.468549 5.457555 5.465126 5.480744 5.495944 5.500049 5.489621 5.466578 5.441044 5.424838 5.421407 5.425251 5.422188 5.410238 5.396121 5.390625 5.390966 5.391702 5.389485 5.38798 5.38877 5.394666 5.404699 5.414559 5.413148 5.396133 5.367433 5.337948 5.318688 5.314505 5.323245 5.3303 5.322975 5.302678 5.285101 5.288933 5.311049 5.336381 5.35052 5.354167 5.355432 5.351854 5.341901 5.324355 5.305928
-9999 -9999 -9999 -9999 -9999 -9999 -9999 -9999 -9999 -9999 -9999 -9999 -9999 -9999 -9999 -9999 -9999 -9999 -9999 5.438382 5.446532 5.466135 5.492495 5.520033 5.54455 5.55184 5.542752 5.51761 5.485184 5.457484 5.439326 5.42867 5.416151 5.4024 5.391991 5.390845 5.391184 5.389745 5.385411 5.385371 5.387983 5.394584 5.402788 5.409382 5.40406 5.381656 5.346535 5.310719 5.2887 5.286387 5.298271 5.30772 5.303154 5.29043 5.283682 5.295073 5.317091 5.335273 5.340975 5.337732 5.335033 5.330001 5.320527 5.304503 5.286883
-9999 -9999 -9999 -9999 -9999 -9999 -9999 -9999 -9999 -9999 -9999 -9999 -9999 -9999 -9999 -9999 -9999 -9999 -9999 -9999 5.45698 5.484874 5.534037 5.567766 5.596444 5.602768 5.59619 5.575467 5.544764 5.512849 5.483916 5.458261 5.432149 5.409441 5.394932 5.391256 5.38788 5.382227 5.374427 5.373955 5.378287 5.386919 5.3947 5.396867 5.385948 5.358802 5.322742 5.288253 5.269574 5.269952 5.282932 5.292582 5.290862 5.284451 5.28423 5.296238 5.312586 5.322155 5.320845 5.312736 5.306291 5.300078 5.292466 5.281073 5.267876
-9999 -9999 -9999 -9999 -9999 -9999 -9999 -9999 -9999 -9999 -9999 -9999 -9999 -9999 -9999 -9999 -9999 -9999 -9999 -9999 -9999 5.518206 5.606177 5.620843 5.640067 5.6418 5.636881 5.622935 5.600588 5.573727 5.544198 5.511814 5.475585 5.440361 5.412307 5.394737 5.38015 5.367076 5.355545 5.354305 5.362035 5.377007 5.390073 5.391194 5.374687 5.34241 5.307281 5.278208 5.265172 5.26662 5.277025 5.284151 5.283984 5.280756 5.281111 5.287251 5.294438 5.296674 5.292521 5.284549 5.277889 5.272208 5.266677 5.259558 5.251154
-9999 -9999 -9999 -9999 -9999 -9999 -9999 -9999 -9999 -9999 -9999 -9999 -9999 -9999 -9999 -9999 -9999 -9999 -9999 -9999 -9999 -9999 5.667465 5.664028 5.662326 5.65836 5.654365 5.647043 5.635389 5.619344 5.598244 5.569963 5.53277 5.48909 5.444795 5.406358 5.374434 5.350931 5.335018 5.332067 5.342817 5.365918 5.388114 5.392058 5.371336 5.334014 5.299284 5.275892 5.267601 5.268296 5.273504 5.275991 5.274926 5.272083 5.2707 5.271152 5.271638 5.269877 5.265475 5.259521 5.254641 5.251089 5.248422 5.244829 5.239873
-9999 -9999 -9999 -9999 -9999 -9999 -9999 -9999 -9999 -9999 -9999 -9999 -9999 -9999 -9999 -9999 -9999 -9999 -9999 -9999 -9999 -9999 5.677217 5.667006 5.663857 5.658251 5.656061 5.653054 5.648829 5.642025 5.630531 5.611196 5.58101 5.538418 5.486043 5.431406 5.383309 5.34867 5.326797 5.319837 5.329952 5.357396 5.386437 5.393847 5.370547 5.328823 5.292324 5.271267 5.264619 5.263916 5.264731 5.263818 5.261482 5.258338 5.255488 5.252851 5.250099 5.246825 5.242983 5.239024 5.236835 5.236753 5.238085 5.237672 5.234839
-9999 -9999 -9999 -9999 -9999 -9999 -9999 -9999 -9999 -9999 -9999 -9999 -9999 -9999 -9999 -9999 -9999 -9999 -9999 -9999 -9999 -9999 5.682091 5.66008 5.656504 5.651602 5.650669 5.649853 5.649066 5.647307 5.642074 5.630535 5.608989 5.572801 5.520414 5.459466 5.403939 5.364743 5.338449 5.324811 5.326239 5.347644 5.373801 5.380904 5.357413 5.316001 5.279945 5.260664 5.255245 5.255006 5.254105 5.250994 5.246333 5.241832 5.238063 5.234815 5.231535 5.228082 5.224474 5.221321 5.22135 5.225127 5.231337 5.234478 5.233398
-9999 -9999 -9999 -9999 -9999 -9999 -9999 -9999 -9999 -9999 -9999 -9999 -9999 -9999 -9999 -9999 -9999 -9999 -9999 -9999 -9999 -9999 -9999 5.647764 5.647768 5.647773 5.647789 5.647819 5.647796 5.647374 5.641603 5.63273 5.618754 5.59147 5.54544 5.486526 5.43048 5.390295 5.359669 5.338337 5.327914 5.336939 5.351522 5.352236 5.328865 5.292063 5.26066 5.245204 5.242834 5.24576 5.245733 5.241152 5.233006 5.225825 5.220656 5.217201 5.214023 5.210806 5.20755 5.204783 5.205661 5.210884 5.219054 5.223721 5.223896
-9999 -9999 -9999 -9999 -9999 -9999 -9999 -9999 -9999 -9999 -9999 -9999 -9999 -9999 -9999 -9999 -9999 -9999 -9999 -9999 -9999 -9999 -9999 5.645449 5.645451 5.645453 5.645466 5.645503 5.645567 5.645613 5.639181 5.631672 5.62072 5.597005 5.553851 5.493808 5.447453 5.419544 5.38581 5.357653 5.336435 5.334408 5.334738 5.324184 5.297273 5.264092 5.238516 5.228374 5.230905 5.238635 5.240503 5.234159 5.221438 5.210553 5.203506 5.199839 5.197348 5.195637 5.194485 5.192956 5.193039 5.195407 5.200218 5.202785 5.203335
-9999 -9999 -9999 -9999 -9999 -9999 -9999 -9999 -9999 -9999 -9999 -9999 -9999 -9999 -9999 -9999 -9999 -9999 -9999 -9999 -9999 -9999 -9999 -9999 -9999 -9999 -9999 -9999 -9999 -9999 5.62733 5.624593 5.619529 5.600452 5.561767 5.499322 5.457084 5.432366 5.386378 5.359387 5.3439 5.342966 5.334877 5.311923 5.277328 5.241669 5.218036 5.210526 5.215778 5.22582 5.228587 5.221457 5.206683 5.194136 5.186274 5.182768 5.181905 5.183914 5.188143 5.19028 5.188767 5.183713 5.17891 5.174744 5.174006
-9999 -9999 -9999 -9999 -9999 -9999 -9999 -9999 -9999 -9999 -9999 -9999 -9999 -9999 -9999 -9999 -9999 -9999 -9999 -9999 -9999 -9999 -9999 -9999 -9999 -9999 -9999 -9999 -9999 -9999 -9999 -9999 -9999 -9999 -9999 5.473687 5.460302 5.448237 5.389287 5.370642 5.366735 5.370269 5.356455 5.321338 5.276408 5.231838 5.20354 5.193147 5.196564 5.204927 5.207133 5.200723 5.187648 5.176443 5.169404 5.166951 5.169351 5.177882 5.190592 5.198485 5.19542 5.181327 5.164817 5.152443 5.149179
-9999 -9999 -9999 -9999 -9999 -9999 -9999 -9999 -9999 -9999 -9999 -9999 -9999 -9999 -9999 -9999 -9999 -9999 -9999 -9999 -9999 -9999 -9999 -9999 -9999 -9999 -9999 -9999 -9999 -9999 -9999 -9999 -9999 -9999 -9999 -9999 -9999 -9999 5.327089 5.365006 5.389911 5.396319 5.384241 5.340268 5.287201 5.232218 5.195354 5.177718 5.175112 5.178389 5.178843 5.174466 5.166214 5.158879 5.154109 5.15359 5.160356 5.176619 5.198437 5.212763 5.209613 5.189399 5.164343 5.14598 5.139905
-9999 -9999 -9999 -9999 -9999 -9999 -9999 -9999 -9999 -9999 -9999 -9999 -9999 -9999 -9999 -9999 -9999 -9999 -9999 -9999 -9999 -9999 -9999 -9999 -9999 -9999 -9999 -9999 -9999 -9999 -9999 -9999 -9999 -9999 -9999 -9999 -9999 -9999 -9999 5.410678 5.436066 5.422754 5.40621 5.357631 5.300728 5.239432 5.193518 5.167289 5.157438 5.155684 5.154705 5.152374 5.148625 5.144816 5.142405 5.144773 5.15726 5.181303 5.209543 5.226631 5.222977 5.202165 5.177956 5.161985 5.156663
-9999 -9999 -9999 -9999 -9999 -9999 -9999 -9999 -9999 -9999 -9999 -9999 -9999 -9999 -9999 -9999 -9999 -9999 -9999 -9999 -9999 -9999 -9999 -9999 -9999 -9999 -9999 -9999 -9999 -9999 -9999 -9999 -9999 -9999 -9999 -9999 -9999 -9999 -9999 -9999 5.458575 5.435938 5.416171 5.36719 5.310203 5.247036 5.194681 5.161846 5.14643 5.141416 5.139722 5.138758 5.137755 5.136045 5.135269 5.140215 5.160378 5.193412 5.228195 5.24545 5.241717 5.225398 5.210298 5.203416 5.2019
-9999 -9999 -9999 -9999 -9999 -9999 -9999 -9999 -9999 -9999 -9999 -9999 -9999 -9999 -9999 -9999 -9999 -9999 -9999 -9999 -9999 -9999 -9999 -9999 -9999 -9999 -9999 -9999 -9999 -9999 -9999 -9999 -9999 -9999 -9999 -9999 -9999 -9999 -9999 -9999 5.461918 5.42989 5.407911 5.367147 5.314443 5.25463 5.198082 5.160449 5.140982 5.13428 5.132526 5.132361 5.132582 5.131716 5.13198 5.139475 5.168852 5.211006 5.250939 5.264571 5.261394 5.254362 5.255914 5.262317 5.266299
