test/lembang_mmi_hazmap.asc
ncols         446
nrows         251
xllcorner     105.29857
yllcorner     -8.376433
cellsize      0.0112
NODATA_value  -9999
[rows 28 to 55 of 251, columns 189 to 251 of 446]
5.620899 5.622226 5.623223 5.623673 5.62397 5.624019 5.624018 5.624017 5.624017 5.624017 5.624017 5.624017 5.624017 5.624017 5.624017 5.624017 5.624017 5.624017 5.624017 5.624017 5.624017 5.624017 5.624017 5.624017 5.624017 5.624017 5.624017 5.624017 5.624017 5.624017 5.624019 5.624015 5.623886 5.623354 5.622491 5.621645 5.620084 5.618196 5.61664 5.614063 5.611166 5.60891 5.605338 5.601453 5.598518 5.593978 5.589134 5.585543 5.580067 5.574303 5.570081 5.56371 5.557065 5.552245 5.545024 5.537544 5.532158 5.524135 5.515869 5.509953 5.50121 5.492086 5.482666
5.647474 5.648838 5.649861 5.650321 5.650627 5.650677 5.650676 5.650675 5.650675 5.650675 5.650675 5.650675 5.650675 5.650675 5.650675 5.650675 5.650675 5.650675 5.650675 5.650675 5.650675 5.650675 5.650675 5.650675 5.650675 5.650675 5.650675 5.650675 5.650675 5.650675 5.650676 5.650673 5.650541 5.649996 5.649107 5.648245 5.646641 5.6447 5.643113 5.640466 5.637487 5.635189 5.631518 5.627527 5.624537 5.619871 5.614898 5.611238 5.605614 5.599698 5.595398 5.588856 5.58204 5.577132 5.56972 5.562053 5.556571 5.548338 5.53987 5.533849 5.524879 5.515552 5.505925
5.666008 5.667397 5.668439 5.668907 5.669219 5.66927 5.669269 5.669268 5.669268 5.669268 5.669268 5.669268 5.669268 5.669268 5.669268 5.669268 5.669268 5.669268 5.669268 5.669268 5.669268 5.669268 5.669268 5.669268 5.669268 5.669268 5.669268 5.669268 5.669268 5.669268 5.669269 5.669265 5.669132 5.668576 5.667671 5.666793 5.66516 5.663183 5.661567 5.658873 5.655838 5.653498 5.649764 5.645698 5.642653 5.637909 5.632843 5.629119 5.623401 5.617375 5.613 5.606353 5.599411 5.594419 5.586892 5.579084 5.57351 5.565154 5.556534 5.550414 5.541315 5.53184 5.522058
5.693025 5.694444 5.695513 5.695996 5.696313 5.696367 5.696365 5.696364 5.696364 5.696364 5.696364 5.696364 5.696364 5.696364 5.696364 5.696364 5.696364 5.696364 5.696364 5.696364 5.696364 5.696364 5.696364 5.696364 5.696364 5.696364 5.696364 5.696364 5.696364 5.696365 5.696366 5.696363 5.696224 5.695654 5.69473 5.693821 5.692149 5.690128 5.688456 5.685697 5.682596 5.680174 5.676352 5.672196 5.669047 5.664192 5.659017 5.655166 5.649316 5.643163 5.638642 5.631843 5.624757 5.619601 5.611906 5.60394 5.598187 5.589647 5.580856 5.574547 5.565255 5.555555 5.545546
5.720764 5.722221 5.723318 5.723815 5.72414 5.724195 5.724194 5.724193 5.724193 5.724193 5.724193 5.724193 5.724193 5.724193 5.724193 5.724193 5.724193 5.724193 5.724193 5.724193 5.724193 5.724193 5.724193 5.724193 5.724193 5.724193 5.724193 5.724193 5.724193 5.724194 5.724195 5.724192 5.724049 5.723464 5.722516 5.721581 5.719863 5.717789 5.716067 5.713235 5.710053 5.707561 5.70364 5.699376 5.696136 5.691156 5.685848 5.681888 5.675889 5.66958 5.664934 5.657967 5.650704 5.645409 5.637525 5.629364 5.623459 5.614716 5.605713 5.599243 5.589736 5.579805 5.56956
5.748852 5.75035 5.751477 5.751989 5.752323 5.75238 5.752378 5.752378 5.752378 5.752378 5.752378 5.752378 5.752378 5.752378 5.752378 5.752378 5.752378 5.752378 5.752378 5.752378 5.752378 5.752378 5.752378 5.752378 5.752378 5.752378 5.752378 5.752378 5.752378 5.752378 5.752379 5.752376 5.752228 5.751627 5.750652 5.749692 5.747927 5.745795 5.744027 5.741117 5.737846 5.735288 5.731258 5.726877 5.723552 5.718438 5.712985 5.708922 5.702764 5.696286 5.691521 5.684371 5.676918 5.67149 5.663404 5.655035 5.648985 5.640023 5.630796 5.62417 5.614433 5.604264 5.593775
5.776735 5.778279 5.779438 5.77996 5.780306 5.780363 5.780361 5.780361 5.780361 5.780361 5.780361 5.780361 5.780361 5.780361 5.780361 5.780361 5.780361 5.780361 5.780361 5.780361 5.780361 5.780361 5.780361 5.780361 5.780361 5.780361 5.780361 5.780361 5.780361 5.780361 5.780362 5.780358 5.780209 5.779591 5.778585 5.777606 5.77579 5.773593 5.771792 5.768796 5.765428 5.762821 5.758672 5.754164 5.750777 5.745512 5.739903 5.735765 5.729429 5.722771 5.717918 5.710564 5.702909 5.697382 5.68907 5.680479 5.674322 5.665113 5.65565 5.648908 5.638902 5.628497 5.617772
5.796329 5.797904 5.799086 5.799617 5.79997 5.800027 5.800026 5.800025 5.800025 5.800025 5.800025 5.800025 5.800025 5.800025 5.800025 5.800025 5.800025 5.800025 5.800025 5.800025 5.800025 5.800025 5.800025 5.800025 5.800025 5.800025 5.800025 5.800025 5.800025 5.800025 5.800027 5.800023 5.799871 5.799241 5.798216 5.797218 5.795366 5.793126 5.791289 5.788237 5.784802 5.782144 5.777919 5.773321 5.769868 5.764509 5.75879 5.754572 5.748125 5.741336 5.736392 5.728915 5.72111 5.715483 5.707034 5.698278 5.692011 5.682658 5.673016 5.666155 5.656002 5.645425 5.634518
5.824911 5.826522 5.827736 5.828287 5.828646 5.828707 5.828706 5.828704 5.828704 5.828704 5.828704 5.828704 5.828704 5.828704 5.828704 5.828704 5.828704 5.828704 5.828704 5.828704 5.828704 5.828704 5.828704 5.828704 5.828704 5.828704 5.828704 5.828704 5.828704 5.828705 5.828707 5.828702 5.828544 5.827898 5.826849 5.825814 5.823914 5.82162 5.819715 5.816585 5.813067 5.810313 5.805981 5.801273 5.797698 5.792203 5.78635 5.781985 5.775377 5.768432 5.763319 5.755658 5.747678 5.741862 5.733211 5.724263 5.717792 5.708219 5.698371 5.691295 5.680911 5.670072 5.658901
5.85376 5.855422 5.856672 5.857235 5.857606 5.857668 5.857667 5.857666 5.857666 5.857666 5.857666 5.857666 5.857666 5.857666 5.857666 5.857666 5.857666 5.857666 5.857666 5.857666 5.857666 5.857666 5.857666 5.857666 5.857666 5.857666 5.857666 5.857666 5.857666 5.857666 5.857668 5.857664 5.857502 5.856837 5.855754 5.854697 5.85274 5.850375 5.84843 5.845204 5.84158 5.838768 5.834304 5.829456 5.825805 5.820147 5.814122 5.809668 5.802864 5.795721 5.790504 5.782619 5.774418 5.768486 5.759588 5.750399 5.743802 5.73396 5.723855 5.716644 5.705971 5.694871 5.683439
5.874023 5.875719 5.876994 5.877568 5.877947 5.87801 5.878008 5.878008 5.878008 5.878008 5.878008 5.878008 5.878008 5.878008 5.878008 5.878008 5.878008 5.878008 5.878008 5.878008 5.878008 5.878008 5.878008 5.878008 5.878008 5.878008 5.878008 5.878008 5.878008 5.878008 5.87801 5.878006 5.877841 5.877162 5.876058 5.874979 5.872983 5.870568 5.868584 5.865295 5.861595 5.858726 5.854177 5.849229 5.845505 5.839741 5.833592 5.829049 5.822124 5.814834 5.809516 5.801495 5.793127 5.787084 5.778036 5.768662 5.761944 5.751945 5.741641 5.734301 5.723467 5.712179 5.700548
5.903505 5.905243 5.906553 5.907149 5.907537 5.907602 5.9076 5.907599 5.907599 5.907599 5.907599 5.907599 5.907599 5.907599 5.907599 5.907599 5.907599 5.907599 5.907599 5.907599 5.907599 5.907599 5.907599 5.907599 5.907599 5.907599 5.907599 5.907599 5.907599 5.907599 5.907602 5.907598 5.907426 5.906728 5.905597 5.904477 5.902427 5.899953 5.897894 5.894516 5.890725 5.887748 5.883079 5.878009 5.874148 5.868234 5.861936 5.857229 5.850126 5.842663 5.837158 5.828934 5.820372 5.81412 5.804849 5.795264 5.788321 5.77808 5.76755 5.759974 5.748888 5.737312 5.725394
5.933268 5.935063 5.936413 5.937023 5.937424 5.93749 5.937489 5.937488 5.937488 5.937488 5.937488 5.937488 5.937488 5.937488 5.937488 5.937488 5.937488 5.937488 5.937488 5.937488 5.937488 5.937488 5.937488 5.937488 5.937488 5.937488 5.937488 5.937488 5.937488 5.937488 5.93749 5.937486 5.937312 5.936592 5.935423 5.934278 5.932165 5.929611 5.927505 5.924022 5.920111 5.917069 5.912254 5.907028 5.903083 5.896985 5.890497 5.88569 5.878369 5.870687 5.865067 5.856595 5.847788 5.841409 5.831863 5.822013 5.814932 5.804395 5.793584 5.785859 5.774456 5.762596 5.750393
5.954233 5.956067 5.957445 5.958068 5.958477 5.958545 5.958543 5.958542 5.958542 5.958542 5.958542 5.958542 5.958542 5.958542 5.958542 5.958542 5.958542 5.958542 5.958542 5.958542 5.958542 5.958542 5.958542 5.958542 5.958542 5.958542 5.958542 5.958542 5.958542 5.958542 5.958544 5.95854 5.958362 5.957627 5.956434 5.955265 5.953107 5.950498 5.948348 5.944795 5.940799 5.937693 5.932782 5.927443 5.923416 5.917201 5.910573 5.905668 5.898211 5.890365 5.884632 5.876008 5.867017 5.860512 5.850803 5.840749 5.833533 5.822823 5.811792 5.803925 5.792346 5.78028 5.767859
5.984665 5.986546 5.987964 5.98861 5.989028 5.9891 5.989099 5.989097 5.989097 5.989097 5.989097 5.989097 5.989097 5.989097 5.989097 5.989097 5.989097 5.989097 5.989097 5.989097 5.989097 5.989097 5.989097 5.989097 5.989097 5.989097 5.989097 5.989097 5.989097 5.989098 5.9891 5.989096 5.98891 5.988153 5.98693 5.985715 5.983496 5.98082 5.978586 5.974934 5.970835 5.967609 5.962564 5.957088 5.952908 5.946525 5.939732 5.934644 5.926988 5.91895 5.913008 5.90416 5.894954 5.888219 5.878262 5.867975 5.860512 5.849534 5.838256 5.83013 5.818274 5.805893 5.793158
6.015397 6.017341 6.018804 6.019466 6.019899 6.019972 6.01997 6.019969 6.019969 6.019969 6.019969 6.019969 6.019969 6.019969 6.019969 6.019969 6.019969 6.019969 6.019969 6.019969 6.019969 6.019969 6.019969 6.019969 6.019969 6.019969 6.019969 6.019969 6.019969 6.019969 6.019971 6.019967 6.019777 6.018998 6.017732 6.016489 6.014198 6.011433 6.009147 6.005375 6.001143 5.997844 5.992635 5.986985 5.98271 5.976121 5.969117 5.963916 5.956018 5.947736 5.941666 5.932542 5.923066 5.916189 5.905929 5.89535 5.887732 5.87643 5.864843 5.856552 5.844349 5.831657 5.81861
6.037105 6.039092 6.040586 6.041264 6.041707 6.041781 6.041779 6.041778 6.041778 6.041778 6.041778 6.041778 6.041778 6.041778 6.041778 6.041778 6.041778 6.041778 6.041778 6.041778 6.041778 6.041778 6.041778 6.041778 6.041778 6.041778 6.041778 6.041778 6.041778 6.041778 6.04178 6.041776 6.041582 6.040785 6.039492 6.03822 6.03588 6.033052 6.030716 6.026865 6.022538 6.019165 6.013849 6.008072 6.003704 5.996985 5.989824 5.984512 5.976463 5.967998 5.961801 5.952509 5.942826 5.93581 5.925368 5.914564 5.906796 5.895302 5.883473 5.875025 5.86263 5.849711 5.836424
6.068542 6.070583 6.072123 6.072827 6.07328 6.073359 6.073357 6.073355 6.073355 6.073355 6.073355 6.073355 6.073355 6.073355 6.073355 6.073355 6.073355 6.073355 6.073355 6.073355 6.073355 6.073355 6.073355 6.073355 6.073355 6.073355 6.073355 6.073355 6.073355 6.073355 6.073358 6.073354 6.073151 6.07233 6.071002 6.069679 6.06727 6.064367 6.061935 6.057973 6.05353 6.050022 6.044555 6.038625 6.034085 6.027178 6.019831 6.014315 6.006044 5.997365 5.990936 5.981393 5.971472 5.9642 5.953484 5.942421 5.934381 5.922593 5.910491 5.901758 5.889058 5.875794 5.862165
6.100293 6.102405 6.103996 6.104717 6.105188 6.105267 6.105265 6.105264 6.105264 6.105264 6.105264 6.105264 6.105264 6.105264 6.105264 6.105264 6.105264 6.105264 6.105264 6.105264 6.105264 6.105264 6.105264 6.105264 6.105264 6.105264 6.105264 6.105264 6.105264 6.105264 6.105267 6.105262 6.105055 6.104208 6.102833 6.101477 6.098987 6.095984 6.093493 6.089397 6.084804 6.081212 6.075561 6.069435 6.064789 6.057652 6.050068 6.044425 6.035883 6.026933 6.020359 6.010511 6.00029 5.992858 5.981807 5.970423 5.96221 5.950064 5.937624 5.928708 5.915627 5.902021 5.888051
6.122793 6.124954 6.126581 6.127319 6.1278 6.127882 6.12788 6.127879 6.127879 6.127879 6.127879 6.127879 6.127879 6.127879 6.127879 6.127879 6.127879 6.127879 6.127879 6.127879 6.127879 6.127879 6.127879 6.127879 6.127879 6.127879 6.127879 6.127879 6.127879 6.127879 6.127882 6.127876 6.127665 6.126798 6.125391 6.124004 6.121458 6.118384 6.115836 6.11165 6.106948 6.103274 6.097502 6.091233 6.086481 6.079197 6.071437 6.065669 6.056957 6.047801 6.041086 6.03105 6.020598 6.013011 6.001758 5.990121 5.981742 5.969386 5.956676 5.947587 5.934296 5.920442 5.906208
6.155293 6.157515 6.159192 6.159962 6.160454 6.160541 6.160538 6.160536 6.160536 6.160536 6.160536 6.160536 6.160536 6.160536 6.160536 6.160536 6.160536 6.160536 6.160536 6.160536 6.160536 6.160536 6.160536 6.160536 6.160536 6.160536 6.160536 6.160536 6.160536 6.160536 6.16054 6.160535 6.160313 6.159419 6.157974 6.156528 6.153904 6.150744 6.148089 6.143777 6.138944 6.135118 6.129175 6.122733 6.117788 6.110291 6.102324 6.096326 6.087366 6.077971 6.070996 6.06068 6.049963 6.042092 6.030533 6.018611 6.009931 5.997248 5.984239 5.974837 5.961209 5.946977 5.932369
6.188119 6.190422 6.192157 6.192947 6.193459 6.193546 6.193544 6.193542 6.193542 6.193542 6.193542 6.193542 6.193542 6.193542 6.193542 6.193542 6.193542 6.193542 6.193542 6.193542 6.193542 6.193542 6.193542 6.193542 6.193542 6.193542 6.193542 6.193542 6.193542 6.193542 6.193545 6.19354 6.193314 6.192389 6.190891 6.189408 6.186692 6.183419 6.180696 6.176232 6.171231 6.167308 6.161158 6.154497 6.14943 6.141675 6.133442 6.1273 6.118037 6.10834 6.101201 6.090543 6.079495 6.071444 6.059514 6.047236 6.038363 6.025285 6.011904 6.002298 5.988253 5.973645 5.958663
6.211464 6.213822 6.2156 6.216408 6.216932 6.217022 6.21702 6.217018 6.217018 6.217018 6.217018 6.217018 6.217018 6.217018 6.217018 6.217018 6.217018 6.217018 6.217018 6.217018 6.217018 6.217018 6.217018 6.217018 6.217018 6.217018 6.217018 6.217018 6.217018 6.217018 6.217021 6.217016 6.216784 6.215837 6.214303 6.212783 6.210003 6.20665 6.203861 6.199295 6.19417 6.190153 6.183867 6.177042 6.171856 6.163935 6.155503 6.149219 6.139766 6.129836 6.122537 6.111671 6.100362 6.092137 6.079983 6.067424 6.058366 6.045055 6.031375 6.021577 6.007302 5.992421 5.977149
6.245083 6.247509 6.249344 6.250188 6.250725 6.25082 6.250817 6.250815 6.250815 6.250815 6.250815 6.250815 6.250815 6.250815 6.250815 6.250815 6.250815 6.250815 6.250815 6.250815 6.250815 6.250815 6.250815 6.250815 6.250815 6.250815 6.250815 6.250815 6.250815 6.250815 6.250819 6.250814 6.25057 6.249592 6.248014 6.246428 6.24356 6.240108 6.237198 6.232489 6.227215 6.223026 6.216546 6.209526 6.204122 6.195961 6.187293 6.180752 6.171019 6.16082 6.153232 6.142052 6.130447 6.121907 6.109412 6.096537 6.087144 6.073472 6.059461 6.049319 6.034672 6.019377 6.003696
6.279047 6.281565 6.283466 6.284333 6.284892 6.284988 6.284986 6.284984 6.284984 6.284984 6.284984 6.284984 6.284984 6.284984 6.284984 6.284984 6.284984 6.284984 6.284984 6.284984 6.284984 6.284984 6.284984 6.284984 6.284984 6.284984 6.284984 6.284984 6.284984 6.284984 6.284987 6.284982 6.284733 6.28372 6.282082 6.280452 6.27748 6.273899 6.270911 6.26603 6.260565 6.256266 6.24955 6.242282 6.236739 6.228286 6.219322 6.212615 6.202541 6.192006 6.184231 6.172669 6.160696 6.151952 6.139044 6.125776 6.116168 6.102059 6.087639 6.077271 6.062166 6.046457 6.030368
6.303284 6.305867 6.307815 6.308704 6.309277 6.309376 6.309373 6.309371 6.309371 6.309371 6.309371 6.309371 6.309371 6.309371 6.309371 6.309371 6.309371 6.309371 6.309371 6.309371 6.309371 6.309371 6.309371 6.309371 6.309371 6.309371 6.309371 6.309371 6.309371 6.309371 6.309375 6.30937 6.309114 6.308076 6.306396 6.304725 6.301679 6.298007 6.294943 6.289945 6.284339 6.279932 6.273061 6.265607 6.259927 6.251287 6.242095 6.235229 6.22494 6.214141 6.206186 6.19439 6.182124 6.173185 6.160028 6.146445 6.136631 6.122264 6.107512 6.096931 6.081574 6.065565 6.049156
6.338083 6.340745 6.342759 6.343688 6.344276 6.344381 6.344378 6.344376 6.344376 6.344376 6.344376 6.344376 6.344376 6.344376 6.344376 6.344376 6.344376 6.344376 6.344376 6.344376 6.344376 6.344376 6.344376 6.344376 6.344376 6.344376 6.344376 6.344376 6.344376 6.344376 6.344381 6.344375 6.344106 6.343033 6.341302 6.339555 6.336408 6.332623 6.32942 6.324259 6.318483 6.313879 6.306787 6.299112 6.293185 6.284273 6.274816 6.267658 6.257054 6.245953 6.237672 6.225523 6.212927 6.203636 6.190099 6.176164 6.165979 6.151211 6.136094 6.125135 6.109367 6.092903 6.076047
6.373241 6.376008 6.378098 6.379054 6.379667 6.379773 6.37977 6.379768 6.379768 6.379768 6.379768 6.379768 6.379768 6.379768 6.379768 6.379768 6.379768 6.379768 6.379768 6.379768 6.379768 6.379768 6.379768 6.379768 6.379768 6.379768 6.379768 6.379768 6.379768 6.379768 6.379773 6.379766 6.379492 6.378378 6.376578 6.374782 6.371515 6.367583 6.364291 6.358933 6.35294 6.348209 6.340849 6.332893 6.326806 6.317563 6.30777 6.300425 6.289436 6.277956 6.269464 6.256888 6.24388 6.23436 6.220363 6.205992 6.195566 6.180315 6.164748 6.153537 6.137266 6.120347 6.103044
