test/lembang_mmi_hazmap.asc
ncols         446
nrows         251
xllcorner     105.29857
yllcorner     -8.376433
cellsize      0.0112
NODATA_value  -9999
[rows 28 to 55 of 251, columns 252 to 314 of 446]
5.473175 5.466429 5.456468 5.446312 5.439139 5.428574 5.417832 5.410267 5.399158 5.387884 5.379972 5.368366 5.356611 5.348387 5.336337 5.324151 5.315651 5.303205 5.290632 5.281895 5.269099 5.256192 5.247246 5.234144 5.220945 5.211818 5.198455 5.185005 5.175726 5.162168 5.148376 5.134512 5.120748 5.111262 5.097368 5.083419 5.073844 5.05982 5.045752 5.036095 5.021857 5.007897 5.001266 4.995548 4.98985 4.986018 4.980287 4.974551 4.97071 4.964968 4.959224 4.955379 4.949632 4.943889 4.940047 4.934303 4.928566 4.924729 4.918996 4.913271 4.909445 4.903728 4.898015
5.496211 5.489349 5.479145 5.46876 5.461469 5.450652 5.439676 5.43199 5.420623 5.409111 5.401074 5.389209 5.377214 5.368865 5.356552 5.344127 5.335501 5.322792 5.30998 5.301118 5.288061 5.274919 5.265848 5.252488 5.239058 5.229806 5.216188 5.202512 5.193111 5.179299 5.165287 5.151209 5.137226 5.127621 5.113487 5.099328 5.089637 5.07538 5.061107 5.051352 5.036983 5.022566 5.012877 5.001441 4.995586 4.991717 4.985908 4.980097 4.976208 4.970391 4.964574 4.960684 4.954864 4.949051 4.945164 4.939351 4.933547 4.929667 4.923868 4.918078 4.91421 4.90843 4.902653
5.512174 5.505205 5.494861 5.484299 5.476896 5.465938 5.454778 5.446978 5.435469 5.423769 5.415617 5.403607 5.391423 5.382957 5.370502 5.357886 5.349144 5.336292 5.32329 5.314313 5.301117 5.287784 5.278599 5.265103 5.251484 5.242122 5.22837 5.214508 5.204998 5.19106 5.176893 5.162656 5.148492 5.138783 5.124526 5.110192 5.100401 5.086025 5.07158 5.061727 5.047257 5.032729 5.022769 5.008373 4.99945 4.995511 4.989666 4.983801 4.979879 4.974013 4.968145 4.964223 4.958357 4.952495 4.948577 4.94272 4.936868 4.93296 4.927116 4.921281 4.917385 4.911564 4.905746
5.53548 5.528307 5.517748 5.506992 5.499378 5.488197 5.476839 5.468824 5.457087 5.445185 5.436817 5.424575 5.412188 5.403506 5.390816 5.377997 5.36904 5.355955 5.34275 5.333561 5.320132 5.306598 5.297205 5.283477 5.269661 5.260096 5.246116 5.23206 5.222353 5.208192 5.193791 5.179326 5.164982 5.155087 5.140614 5.126099 5.116125 5.101539 5.086918 5.07689 5.062216 5.047525 5.03745 5.022615 5.008063 5.001064 4.99524 4.989328 4.985352 4.979411 4.973472 4.969499 4.963561 4.95763 4.953663 4.947737 4.941819 4.937863 4.931953 4.926055 4.922113 4.916229 4.910348
5.559264 5.551915 5.541122 5.530127 5.522332 5.510911 5.499307 5.491108 5.479127 5.466975 5.458422 5.445934 5.433294 5.424427 5.41149 5.398419 5.389278 5.375947 5.362492 5.353121 5.339448 5.325666 5.316095 5.302128 5.288067 5.278327 5.264112 5.249816 5.239938 5.225551 5.210912 5.196211 5.181638 5.171581 5.156889 5.142151 5.132021 5.117223 5.102386 5.092206 5.077326 5.062425 5.052217 5.037272 5.022255 5.012153 5.000611 4.994823 4.990826 4.984807 4.978792 4.97477 4.968759 4.962756 4.958742 4.952746 4.946759 4.942758 4.936781 4.930817 4.926832 4.920883 4.914938
5.583233 5.575716 5.564675 5.553424 5.545456 5.533781 5.521915 5.513541 5.501301 5.488885 5.480154 5.467406 5.454501 5.445456 5.432259 5.418923 5.409604 5.396016 5.382297 5.372751 5.358824 5.344782 5.335038 5.320821 5.306505 5.296595 5.282136 5.267591 5.257548 5.242922 5.228043 5.213103 5.198293 5.188078 5.173161 5.158191 5.147908 5.132891 5.117831 5.107504 5.092413 5.077296 5.066946 5.051812 5.036652 5.026222 5.011179 4.999576 4.996247 4.990191 4.984093 4.980021 4.973937 4.967861 4.963799 4.957733 4.951676 4.947629 4.941586 4.935555 4.931525 4.925512 4.919504
5.606973 5.599329 5.588004 5.576491 5.568394 5.556427 5.544296 5.535788 5.523251 5.510568 5.501701 5.488655 5.475482 5.4663 5.452806 5.439204 5.429749 5.415863 5.401883 5.392201 5.377981 5.363682 5.353804 5.339298 5.324731 5.314689 5.299947 5.285157 5.274984 5.260078 5.244961 5.229791 5.214748 5.204408 5.189229 5.174036 5.163632 5.148362 5.133087 5.122643 5.107307 5.091983 5.081517 5.066148 5.050799 5.040321 5.02488 5.009525 4.999372 4.995506 4.989374 4.985249 4.979089 4.972941 4.968832 4.962693 4.956567 4.952476 4.946362 4.940265 4.936193 4.930113 4.924041
5.623519 5.61575 5.604265 5.592547 5.584321 5.572192 5.55985 5.55121 5.538512 5.525614 5.516616 5.503408 5.490019 5.480706 5.467052 5.453233 5.443648 5.429606 5.41541 5.405601 5.391226 5.376715 5.366711 5.352056 5.33728 5.327116 5.312228 5.297234 5.286942 5.2719 5.256614 5.241271 5.226031 5.215578 5.200267 5.184885 5.174373 5.158976 5.143517 5.132968 5.117511 5.102011 5.091445 5.075959 5.06044 5.049873 5.034377 5.018817 5.008269 4.99755 4.992874 4.988735 4.982526 4.976327 4.972187 4.966001 4.959826 4.955703 4.949546 4.943402 4.939301 4.933178 4.927063
5.647685 5.639685 5.627948 5.616 5.607536 5.595149 5.582573 5.573694 5.560733 5.5476 5.538362 5.524889 5.511264 5.501713 5.487793 5.473741 5.46392 5.449615 5.435187 5.425147 5.410512 5.395773 5.385544 5.370633 5.355635 5.345251 5.330113 5.314902 5.304398 5.289114 5.273574 5.257983 5.242542 5.231891 5.216348 5.200766 5.190062 5.17444 5.158789 5.148057 5.132382 5.116696 5.105955 5.090259 5.074561 5.063826 5.048134 5.03244 5.021641 5.006243 4.998114 4.993924 4.987642 4.981371 4.977179 4.970922 4.964678 4.960507 4.954282 4.948071 4.943923 4.937737 4.931556
5.671946 5.6638 5.651758 5.639527 5.630915 5.618215 5.605353 5.596323 5.583045 5.569624 5.560233 5.546444 5.532532 5.522828 5.508593 5.494257 5.484284 5.469666 5.45496 5.44477 5.429828 5.414816 5.404439 5.389227 5.373963 5.363434 5.348003 5.332534 5.321888 5.306315 5.290524 5.274691 5.259007 5.24822 5.232408 5.216592 5.205759 5.189878 5.174002 5.163143 5.14722 5.131318 5.120455 5.10452 5.088615 5.077763 5.061841 5.045958 5.035119 5.019099 5.003527 4.999071 4.992739 4.986392 4.982152 4.975821 4.969507 4.965291 4.958994 4.952716 4.948525 4.94227 4.936025
5.688835 5.680552 5.668337 5.655881 5.647128 5.634254 5.621162 5.611989 5.598539 5.584885 5.575351 5.56139 5.547245 5.537399 5.522995 5.508427 5.498315 5.483531 5.468594 5.458267 5.443163 5.427925 5.417415 5.402047 5.38656 5.375902 5.36032 5.344634 5.333862 5.318148 5.302181 5.286166 5.270274 5.25937 5.243423 5.227408 5.216461 5.20045 5.184382 5.173416 5.157368 5.141282 5.130315 5.114262 5.09818 5.087228 5.071194 5.05514 5.044222 5.028207 5.012071 5.001491 4.996099 4.989737 4.985464 4.979086 4.972721 4.968473 4.962132 4.955806 4.951585 4.945288 4.938999
5.713445 5.70491 5.692421 5.679717 5.670707 5.657553 5.644208 5.634778 5.621044 5.607137 5.597346 5.5831 5.568703 5.558602 5.543915 5.529097 5.518734 5.50367 5.488488 5.477916 5.462537 5.447059 5.43631 5.420671 5.40495 5.394062 5.378216 5.362302 5.35131 5.335342 5.319109 5.302835 5.286735 5.275625 5.259435 5.243213 5.232069 5.215824 5.199557 5.188401 5.172128 5.155851 5.144704 5.128434 5.112169 5.101045 5.084803 5.068573 5.057491 5.041296 5.025093 5.013989 5.000349 4.994692 4.990389 4.983937 4.977502 4.973206 4.966795 4.960402 4.956135 4.949771 4.943417
5.738142 5.729448 5.716628 5.703617 5.694445 5.680953 5.667301 5.657705 5.643631 5.629416 5.61946 5.604874 5.590171 5.579906 5.564882 5.549762 5.539237 5.523841 5.508364 5.497632 5.481928 5.466162 5.455257 5.439301 5.423301 5.41226 5.396105 5.379922 5.368781 5.35251 5.336016 5.319489 5.303136 5.291885 5.275415 5.258952 5.247671 5.231158 5.21466 5.203374 5.186843 5.170344 5.159071 5.142556 5.12608 5.114835 5.098357 5.081926 5.070727 5.054308 5.037938 5.026746 5.010534 4.999654 4.995286 4.988764 4.982256 4.977913 4.971431 4.96497 4.960658 4.954226 4.947806
5.755366 5.746522 5.733514 5.720258 5.710933 5.697254 5.683351 5.673602 5.659341 5.644874 5.634764 5.619994 5.60504 5.594624 5.579419 5.56405 5.553377 5.537805 5.522081 5.511204 5.49533 5.479322 5.468277 5.452157 5.435921 5.424744 5.408432 5.39202 5.380747 5.36433 5.347652 5.330936 5.314364 5.30299 5.286381 5.269711 5.258312 5.241666 5.224968 5.21357 5.196912 5.180223 5.168842 5.152205 5.135547 5.124201 5.107607 5.091002 5.079706 5.063176 5.046644 5.035401 5.018838 5.00258 4.998526 4.991968 4.985421 4.981044 4.974516 4.968007 4.963665 4.95719 4.950726
5.780409 5.771291 5.757985 5.744458 5.734856 5.720872 5.706697 5.69667 5.682103 5.667364 5.656979 5.641903 5.626679 5.615992 5.600483 5.584849 5.57391 5.558039 5.542056 5.530921 5.514754 5.498493 5.487197 5.470791 5.45431 5.442892 5.426302 5.409652 5.398149 5.381466 5.36451 5.347525 5.330737 5.31915 5.302289 5.285404 5.273802 5.256913 5.24001 5.228416 5.211526 5.194641 5.183075 5.166216 5.149369 5.137847 5.121041 5.104256 5.092794 5.07606 5.059356 5.047966 5.031301 5.014565 5.003611 4.995708 4.99011 4.985695 4.979095 4.972518 4.968129 4.961587 4.955057
5.805534 5.796241 5.782574 5.768716 5.758937 5.744588 5.730081 5.719875 5.704942 5.689872 5.679308 5.663869 5.648319 5.637454 5.621587 5.605633 5.59452 5.578297 5.562002 5.550696 5.534185 5.517622 5.50616 5.489421 5.472648 5.461068 5.444156 5.427225 5.415564 5.398566 5.381337 5.364089 5.34704 5.335305 5.318154 5.30102 5.289277 5.27211 5.25497 5.243241 5.226086 5.208973 5.197278 5.180166 5.163104 5.151458 5.134411 5.117421 5.10584 5.088878 5.071978 5.060473 5.043611 5.026796 5.015375 5.001814 4.994782 4.990316 4.983645 4.976999 4.972565 4.965954 4.959358
5.823083 5.813625 5.799755 5.78563 5.775684 5.761133 5.746353 5.735981 5.720848 5.705505 5.694777 5.679141 5.66332 5.652293 5.636234 5.620013 5.60874 5.592332 5.575775 5.564315 5.547626 5.530807 5.519196 5.502285 5.485263 5.473539 5.456463 5.439292 5.427493 5.410343 5.392923 5.375477 5.3582 5.346339 5.329043 5.311693 5.299829 5.282525 5.265178 5.253334 5.236049 5.218739 5.206934 5.189698 5.172449 5.160698 5.143534 5.126365 5.114685 5.097611 5.080542 5.068943 5.051975 5.035022 5.023448 5.006796 4.997865 4.993387 4.98667 4.979975 4.97551 4.968856 4.962215
5.848544 5.838789 5.824594 5.810175 5.799928 5.785048 5.769975 5.759303 5.743839 5.728205 5.717181 5.701217 5.685108 5.673791 5.657408 5.640905 5.629351 5.612625 5.595793 5.584061 5.567061 5.549975 5.538102 5.520889 5.503611 5.491635 5.474267 5.456848 5.44481 5.427382 5.409673 5.391948 5.374447 5.362365 5.344808 5.327237 5.315162 5.297608 5.280051 5.268006 5.250482 5.232971 5.220977 5.203512 5.18607 5.174141 5.15676 5.139408 5.127559 5.110278 5.093034 5.081275 5.06411 5.046995 5.035322 5.018133 5.00146 4.997912 4.99116 4.984392 4.97988 4.973158 4.966451
5.874075 5.864128 5.84954 5.834764 5.824323 5.809047 5.793617 5.782751 5.766893 5.750906 5.739688 5.723334 5.706879 5.695372 5.678607 5.661765 5.650024 5.632925 5.615765 5.60385 5.586488 5.569086 5.557036 5.539474 5.52189 5.509744 5.492039 5.474328 5.462125 5.444369 5.426376 5.408378 5.390607 5.378371 5.360516 5.342689 5.330467 5.312628 5.294827 5.282642 5.264846 5.247104 5.234976 5.217254 5.199593 5.187536 5.169909 5.152349 5.140378 5.122865 5.105424 5.09355 5.076163 5.058862 5.047094 5.02983 5.012531 5.00127 4.995575 4.988777 4.984217 4.977426 4.970653
5.891939 5.881813 5.867004 5.851934 5.841312 5.825818 5.810092 5.799046 5.782973 5.766692 5.755296 5.738733 5.721986 5.710305 5.693337 5.676209 5.6643 5.647005 5.629565 5.617488 5.599938 5.582265 5.570058 5.552316 5.534471 5.522174 5.504298 5.486335 5.473988 5.456075 5.437883 5.41968 5.401671 5.389304 5.371299 5.35325 5.340902 5.322923 5.304909 5.292606 5.274677 5.256732 5.244492 5.226644 5.20879 5.196626 5.178881 5.161138 5.149067 5.131441 5.113827 5.101858 5.084364 5.066899 5.05504 5.037699 5.020351 5.008623 4.99677 4.991669 4.987095 4.980259 4.973441
5.917794 5.907344 5.892181 5.876794 5.865846 5.849994 5.833952 5.822583 5.806155 5.78956 5.777848 5.760932 5.743878 5.731889 5.714576 5.697149 5.684941 5.667309 5.64958 5.637215 5.619338 5.601384 5.588902 5.570845 5.55273 5.54017 5.52199 5.503769 5.491173 5.47297 5.454479 5.435986 5.417747 5.405153 5.386878 5.3686 5.356038 5.337801 5.31957 5.307063 5.288888 5.270738 5.258305 5.240223 5.222175 5.209829 5.191862 5.173934 5.161691 5.143855 5.126065 5.113935 5.096241 5.078609 5.066598 5.049067 5.031587 5.019677 5.004032 4.995954 4.991364 4.984454 4.97757
5.943705 5.933042 5.917453 5.901679 5.89052 5.87424 5.857814 5.846234 5.829382 5.812409 5.800489 5.783157 5.765734 5.753541 5.735821 5.718036 5.705629 5.687602 5.669527 5.65697 5.638712 5.620427 5.607759 5.589334 5.570901 5.558164 5.539632 5.521108 5.50834 5.489796 5.471011 5.452235 5.43372 5.420966 5.402383 5.383843 5.371129 5.352599 5.334119 5.321468 5.303017 5.284631 5.272061 5.253716 5.235445 5.222969 5.204753 5.186615 5.174248 5.156177 5.138188 5.12594 5.108025 5.090204 5.078082 5.060341 5.042695 5.030679 5.012996 4.995809 4.995567 4.988616 4.98166
5.961869 5.951009 5.935181 5.919086 5.90773 5.891215 5.874467 5.862692 5.84561 5.828319 5.816207 5.798652 5.780917 5.768538 5.750602 5.732512 5.719926 5.701693 5.683321 5.670592 5.652137 5.633565 5.620733 5.60212 5.583413 5.570518 5.551809 5.533021 5.520103 5.501399 5.482407 5.463418 5.444656 5.431767 5.413032 5.394261 5.381417 5.362745 5.344047 5.331274 5.312686 5.294093 5.281408 5.262936 5.244469 5.231884 5.213548 5.195224 5.182755 5.164571 5.146407 5.134062 5.116041 5.098055 5.085842 5.067999 5.050198 5.03812 5.020402 5.002838 4.998361 4.991372 4.984373
5.988081 5.97687 5.960655 5.944216 5.932507 5.915606 5.898516 5.886395 5.868929 5.851303 5.838854 5.820922 5.802859 5.790153 5.771849 5.753443 5.740541 5.721951 5.703274 5.690244 5.671444 5.652579 5.639459 5.620516 5.601528 5.58836 5.569334 5.550278 5.537103 5.518097 5.498795 5.47951 5.46051 5.447386 5.428373 5.409369 5.396306 5.377368 5.358449 5.345469 5.326631 5.307828 5.294949 5.276238 5.257573 5.244805 5.226243 5.207733 5.195092 5.176694 5.158352 5.145846 5.127622 5.109469 5.097104 5.079071 5.06111 5.048893 5.031047 5.013161 5.001455 4.995411 4.988386
6.014335 6.002891 5.986212 5.969355 5.957415 5.940052 5.92255 5.9102 5.89228 5.87425 5.861577 5.8432 5.824746 5.811821 5.793087 5.774302 5.761189 5.742182 5.723143 5.709908 5.690709 5.671498 5.658182 5.638855 5.619538 5.606183 5.586792 5.567423 5.554069 5.53471 5.515105 5.495529 5.476245 5.462957 5.443628 5.424356 5.411136 5.391901 5.372727 5.3596 5.340479 5.321438 5.308418 5.289442 5.270551 5.257651 5.238838 5.220115 5.207349 5.188715 5.170174 5.157547 5.139101 5.12076 5.108282 5.090039 5.071901 5.059577 5.041545 5.023587 5.011434 4.998443 4.992339
6.032769 6.021109 6.004172 5.986964 5.974809 5.957192 5.939342 5.926781 5.908614 5.890241 5.877363 5.858749 5.83996 5.826837 5.807875 5.788765 5.775462 5.756239 5.736886 5.72347 5.704065 5.684553 5.671064 5.651544 5.631938 5.618419 5.598845 5.579202 5.565691 5.546168 5.52635 5.506553 5.487015 5.473587 5.454103 5.434594 5.421242 5.40186 5.382464 5.369212 5.349954 5.330702 5.317564 5.29846 5.27937 5.26636 5.247427 5.228516 5.215646 5.196898 5.17818 5.165458 5.146904 5.128397 5.115828 5.097485 5.07919 5.06678 5.048654 5.030568 5.018331 5.003124 4.99495
6.059296 6.047254 6.029894 6.012314 5.999779 5.981743 5.963526 5.950593 5.932013 5.913282 5.900043 5.881027 5.861891 5.848421 5.829068 5.809624 5.79599 5.776391 5.756716 5.742985 5.723218 5.7034 5.689612 5.669746 5.649848 5.636047 5.616143 5.596223 5.582449 5.562613 5.542476 5.522375 5.502593 5.488927 5.469157 5.449409 5.435834 5.416182 5.396561 5.383099 5.363585 5.344121 5.330788 5.311441 5.292151 5.278958 5.259796 5.240697 5.227655 5.208692 5.189796 5.176912 5.158156 5.139481 5.12676 5.108226 5.089773 5.077222 5.058916 5.040691 5.028263 5.01031 4.996534
6.08584 6.073542 6.055679 6.037647 6.02486 6.006326 5.987667 5.974486 5.95542 5.936259 5.922779 5.90329 5.883739 5.870036 5.850227 5.830386 5.816527 5.79649 5.776436 5.76249 5.742305 5.722126 5.708134 5.68787 5.667632 5.653635 5.633353 5.613112 5.599151 5.578954 5.558503 5.538104 5.518033 5.504197 5.484105 5.464085 5.450349 5.430394 5.410517 5.396903 5.377105 5.3574 5.343923 5.324309 5.304793 5.291464 5.27205 5.252738 5.23957 5.22037 5.201275 5.188271 5.169292 5.150429 5.137596 5.118852 5.100224 5.087565 5.069062 5.050676 5.038185 5.019832 5.001866
