test/lembang_mmi_hazmap.asc
ncols         446
nrows         251
xllcorner     105.29857
yllcorner     -8.376433
cellsize      0.0112
NODATA_value  -9999
[rows 196 to 223 of 251, columns 63 to 125 of 446]
4.695717 4.700665 4.705624 4.71059 4.71392 4.71891 4.723914 4.727264 4.732288 4.737326 4.740697 4.745753 4.750823 4.754215 4.759301 4.7644 4.767812 4.772927 4.778053 4.781482 4.786624 4.791773 4.795219 4.800385 4.805556 4.809016 4.814201 4.819392 4.822865 4.828067 4.833277 4.838493 4.843708 4.847197 4.852418 4.857642 4.861136 4.866364 4.871591 4.875086 4.880316 4.885541 4.889035 4.894259 4.899477 4.902966 4.908179 4.913383 4.916862 4.922058 4.927242 4.93071 4.935878 4.941035 4.944482 4.949617 4.954739 4.958161 4.963254 4.968332 4.971723 4.976763 4.981797
4.692442 4.697352 4.702273 4.707201 4.710504 4.715455 4.72042 4.723742 4.728725 4.733722 4.737064 4.742078 4.747105 4.750466 4.755509 4.760564 4.763944 4.769015 4.774093 4.77749 4.782585 4.787686 4.791099 4.796215 4.801337 4.804762 4.809897 4.815036 4.818472 4.823623 4.828779 4.833941 4.839099 4.84255 4.847716 4.852882 4.856337 4.861506 4.866675 4.870129 4.8753 4.880464 4.883914 4.889078 4.894233 4.897677 4.902827 4.907967 4.9114 4.916531 4.921649 4.925069 4.93017 4.935258 4.938658 4.943724 4.948775 4.952148 4.957171 4.962176 4.965516 4.970485 4.975444
4.690244 4.695128 4.700024 4.704926 4.708212 4.713137 4.718075 4.721379 4.726334 4.731304 4.734627 4.739613 4.744611 4.747953 4.752965 4.757991 4.761351 4.76639 4.771439 4.774815 4.779877 4.784947 4.788338 4.793421 4.79851 4.801913 4.807012 4.812117 4.815531 4.820644 4.825764 4.83089 4.836013 4.839439 4.844566 4.849696 4.853124 4.858254 4.863385 4.866812 4.871941 4.877066 4.880489 4.88561 4.890725 4.89414 4.899246 4.904344 4.907748 4.912834 4.917908 4.921299 4.926353 4.931397 4.934766 4.939784 4.94479 4.948131 4.953105 4.958064 4.961371 4.96629 4.9712
4.686937 4.691784 4.696642 4.701506 4.704766 4.709651 4.714549 4.717827 4.722742 4.727669 4.730966 4.735909 4.740863 4.744177 4.749146 4.754127 4.757457 4.762451 4.767452 4.770798 4.775813 4.780835 4.784194 4.789227 4.794266 4.797637 4.802686 4.807739 4.811118 4.816179 4.821247 4.826318 4.831386 4.834776 4.839848 4.84492 4.848311 4.853384 4.858455 4.861844 4.866914 4.871977 4.875362 4.880421 4.885473 4.888848 4.893891 4.898924 4.902286 4.907307 4.912315 4.915662 4.92065 4.925626 4.92895 4.9339 4.938836 4.942132 4.947036 4.951923 4.955185 4.960032 4.964871
4.683616 4.688426 4.693245 4.698071 4.701304 4.706151 4.71101 4.71426 4.719135 4.724021 4.727289 4.732191 4.737103 4.740387 4.745313 4.750249 4.75355 4.758499 4.763454 4.766768 4.771737 4.776711 4.780038 4.785023 4.790013 4.793349 4.798349 4.803351 4.806695 4.811705 4.81672 4.821738 4.826752 4.830103 4.835122 4.840138 4.843491 4.848508 4.853521 4.856871 4.861882 4.866887 4.870229 4.875229 4.880219 4.883552 4.888534 4.893505 4.896823 4.901781 4.906724 4.910026 4.914949 4.919859 4.923138 4.928022 4.93289 4.936139 4.940975 4.945793 4.949006 4.953785 4.958553
4.681386 4.686172 4.690967 4.695767 4.698984 4.703804 4.708637 4.711869 4.716715 4.721575 4.724824 4.729697 4.734582 4.737847 4.742743 4.747651 4.750931 4.755849 4.760775 4.764069 4.769005 4.773949 4.777254 4.782206 4.787164 4.790478 4.795444 4.800413 4.803734 4.808709 4.813687 4.81867 4.823649 4.826977 4.831957 4.836938 4.840265 4.845243 4.85022 4.853543 4.858515 4.863481 4.866797 4.871756 4.876707 4.880013 4.884952 4.889882 4.893171 4.898086 4.902987 4.906261 4.911139 4.916007 4.919255 4.924094 4.928918 4.932136 4.936926 4.9417 4.944882 4.949613 4.954334
4.678036 4.682784 4.687541 4.692304 4.695495 4.700276 4.705069 4.708275 4.713082 4.7179 4.721123 4.725954 4.730795 4.734033 4.738885 4.743748 4.746999 4.751873 4.756753 4.760016 4.764907 4.769802 4.773077 4.777981 4.782889 4.786172 4.791088 4.796006 4.799294 4.804217 4.809144 4.814075 4.819 4.822292 4.827219 4.832143 4.835435 4.840357 4.845276 4.848562 4.853476 4.858383 4.861661 4.86656 4.87145 4.874716 4.879595 4.884461 4.887712 4.892563 4.897401 4.900633 4.905448 4.910249 4.913455 4.918228 4.922985 4.92616 4.930883 4.935588 4.938726 4.943389 4.948042
4.674672 4.679383 4.684103 4.688828 4.691992 4.696735 4.701489 4.704668 4.709436 4.714213 4.717408 4.722198 4.726997 4.730206 4.735016 4.739835 4.743056 4.747886 4.752721 4.755953 4.760798 4.765647 4.768889 4.773747 4.778607 4.781856 4.786723 4.791591 4.794845 4.799719 4.804595 4.809473 4.814345 4.817601 4.822474 4.827345 4.830599 4.835466 4.840329 4.843576 4.848435 4.853284 4.856522 4.861364 4.866195 4.86942 4.874239 4.879045 4.882253 4.887044 4.891819 4.895008 4.899761 4.904499 4.90766 4.91237 4.917062 4.920192 4.92485 4.929489 4.932581 4.937179 4.941763
4.672415 4.677102 4.681797 4.686497 4.689644 4.694361 4.69909 4.702251 4.706991 4.711742 4.714918 4.719679 4.724452 4.727641 4.732422 4.737213 4.740415 4.745214 4.75002 4.753232 4.758045 4.762864 4.766086 4.77091 4.77574 4.778967 4.7838 4.788637 4.791867 4.796706 4.801548 4.806392 4.81123 4.814463 4.819299 4.824135 4.827363 4.832193 4.837021 4.840243 4.845062 4.849874 4.853087 4.857888 4.862681 4.86588 4.870658 4.875426 4.878606 4.883355 4.888091 4.891251 4.89596 4.900657 4.90379 4.908456 4.913107 4.916207 4.920821 4.925417 4.92848 4.933032 4.937572
4.669025 4.673675 4.678333 4.682994 4.686118 4.690796 4.695485 4.69862 4.703321 4.708031 4.71118 4.715901 4.72063 4.723793 4.728531 4.733278 4.736451 4.741207 4.745967 4.74915 4.753918 4.75869 4.76188 4.766659 4.77144 4.774635 4.779421 4.784207 4.787406 4.792194 4.796986 4.801778 4.806563 4.809762 4.814546 4.819327 4.822521 4.827297 4.832067 4.835255 4.840018 4.844772 4.847948 4.852692 4.857426 4.860586 4.865306 4.870013 4.873155 4.877843 4.882517 4.885637 4.890285 4.894919 4.898012 4.902615 4.9072 4.91026 4.914809 4.91934 4.92236 4.926847 4.931322
4.665622 4.670236 4.674856 4.679481 4.682578 4.687218 4.691868 4.694977 4.699639 4.704309 4.70743 4.712111 4.716799 4.719933 4.724629 4.729333 4.732477 4.73719 4.741906 4.745058 4.749782 4.754508 4.757667 4.7624 4.767133 4.770296 4.775034 4.779771 4.782937 4.787676 4.792418 4.797159 4.801893 4.805056 4.809788 4.814517 4.817674 4.822397 4.827114 4.830263 4.834972 4.839671 4.842807 4.847496 4.852173 4.855293 4.859956 4.864604 4.867705 4.872335 4.876949 4.880028 4.884617 4.889189 4.892239 4.896781 4.901305 4.904321 4.908809 4.913276 4.916252 4.920676 4.925086
4.663341 4.66793 4.672526 4.677126 4.680206 4.684821 4.689445 4.692537 4.697171 4.701816 4.704919 4.709571 4.714233 4.717348 4.722016 4.726692 4.729817 4.734499 4.739187 4.742319 4.747011 4.751708 4.754847 4.759547 4.76425 4.767392 4.772098 4.776803 4.779947 4.784652 4.78936 4.794068 4.798769 4.801909 4.806606 4.811301 4.814435 4.819121 4.823802 4.826927 4.831598 4.836261 4.839373 4.844023 4.848663 4.851758 4.85638 4.860991 4.864066 4.868656 4.873231 4.876284 4.88083 4.885364 4.888386 4.892886 4.89737 4.900358 4.904803 4.909229 4.912177 4.916558 4.920926
4.659914 4.664467 4.669026 4.673589 4.676645 4.681221 4.685807 4.688873 4.693468 4.698072 4.701149 4.705761 4.710382 4.713469 4.718095 4.722728 4.725825 4.730464 4.735107 4.738211 4.742859 4.74751 4.750619 4.755273 4.75993 4.763041 4.767698 4.772356 4.775467 4.780124 4.784783 4.789441 4.794091 4.797198 4.801843 4.806485 4.809584 4.814218 4.818846 4.821935 4.826552 4.83116 4.834236 4.83883 4.843413 4.846472 4.851038 4.85559 4.858627 4.863159 4.867675 4.870689 4.875176 4.879649 4.882633 4.887073 4.891494 4.894443 4.898826 4.90319 4.906098 4.910417 4.914721
4.656476 4.660994 4.665516 4.670042 4.673071 4.677611 4.682158 4.685198 4.689754 4.694319 4.69737 4.701942 4.706521 4.70958 4.714166 4.718757 4.721825 4.726422 4.731021 4.734095 4.738699 4.743306 4.746384 4.750994 4.755603 4.758682 4.763294 4.767904 4.770982 4.775592 4.780201 4.78481 4.78941 4.792482 4.797078 4.801668 4.804732 4.809314 4.81389 4.816942 4.821507 4.826061 4.829099 4.83364 4.838168 4.841187 4.845698 4.850194 4.853192 4.857668 4.862126 4.8651 4.869531 4.873945 4.876887 4.881269 4.885631 4.888538 4.892862 4.897166 4.900031 4.90429 4.908534
4.654172 4.658665 4.663164 4.667665 4.670679 4.675192 4.679715 4.682738 4.687268 4.691807 4.694839 4.699384 4.703937 4.706978 4.711535 4.716099 4.719148 4.723715 4.728287 4.73134 4.735916 4.740493 4.74355 4.748128 4.752708 4.755767 4.760347 4.764926 4.767983 4.77256 4.777137 4.781713 4.78628 4.78933 4.793891 4.798449 4.80149 4.806036 4.810577 4.813607 4.818135 4.822654 4.825668 4.830172 4.834664 4.837659 4.842133 4.846592 4.849565 4.854001 4.858422 4.86137 4.865761 4.870137 4.873054 4.877395 4.881719 4.884599 4.888883 4.893147 4.895986 4.900203 4.904406
4.650713 4.65517 4.659633 4.664096 4.667086 4.671562 4.676047 4.679044 4.683536 4.688035 4.691041 4.695547 4.700058 4.703073 4.707589 4.712111 4.715132 4.719658 4.724185 4.727212 4.731742 4.736275 4.739304 4.743837 4.748371 4.7514 4.755933 4.760465 4.763492 4.768021 4.772549 4.777076 4.781594 4.784612 4.789123 4.793629 4.796637 4.801133 4.805622 4.808617 4.813093 4.817558 4.820538 4.824987 4.829424 4.832385 4.836802 4.841206 4.844143 4.848523 4.852888 4.855799 4.860133 4.86445 4.867331 4.871613 4.875877 4.87872 4.882945 4.887149 4.88995 4.894107 4.898251
4.647244 4.651666 4.656092 4.66052 4.663484 4.667923 4.67237 4.675342 4.679795 4.684256 4.687236 4.691702 4.696173 4.699161 4.703637 4.708117 4.711109 4.715594 4.720079 4.723075 4.727564 4.732053 4.735051 4.739541 4.74403 4.747027 4.751515 4.756001 4.758995 4.763478 4.767959 4.772437 4.776907 4.779891 4.784354 4.78881 4.791784 4.79623 4.800668 4.803627 4.808053 4.812466 4.815409 4.819807 4.824191 4.827114 4.831479 4.835828 4.838727 4.843053 4.847363 4.850235 4.854514 4.858776 4.861616 4.865843 4.87005 4.872853 4.877022 4.881168 4.883928 4.888029 4.892114
4.64492 4.649318 4.65372 4.658124 4.661072 4.665486 4.669909 4.672863 4.677291 4.681726 4.684689 4.689127 4.693573 4.696542 4.70099 4.705444 4.708418 4.712873 4.717331 4.720309 4.724768 4.729228 4.732206 4.736666 4.741126 4.744103 4.74856 4.753016 4.75599 4.76044 4.76489 4.769336 4.773775 4.776737 4.781166 4.785591 4.788542 4.792953 4.797358 4.800295 4.804685 4.809064 4.811985 4.816346 4.820696 4.823595 4.827923 4.832237 4.835113 4.839401 4.843674 4.846522 4.850763 4.854989 4.857803 4.861992 4.866163 4.86894 4.873069 4.877179 4.879913 4.883975 4.888021
4.641431 4.645794 4.65016 4.654528 4.657452 4.66183 4.666214 4.669144 4.673534 4.67793 4.680868 4.685267 4.689673 4.692616 4.697023 4.701436 4.704383 4.708797 4.713213 4.716162 4.720579 4.724995 4.727945 4.732361 4.736775 4.739724 4.744136 4.748545 4.751489 4.755893 4.760296 4.764695 4.769085 4.772017 4.776397 4.780772 4.783691 4.788053 4.792407 4.795311 4.799651 4.803978 4.806865 4.811175 4.815471 4.818337 4.822612 4.826872 4.829712 4.833947 4.838165 4.840978 4.845165 4.849334 4.852113 4.856246 4.860361 4.863101 4.867175 4.871227 4.873924 4.877929 4.881918
4.637935 4.642262 4.646593 4.650924 4.653823 4.658165 4.662512 4.665417 4.669769 4.674128 4.677039 4.6814 4.685767 4.688682 4.693051 4.697423 4.700342 4.704715 4.709089 4.71201 4.716385 4.720758 4.723679 4.728052 4.732422 4.73534 4.739708 4.744072 4.746985 4.751345 4.755701 4.760054 4.764396 4.767294 4.771628 4.775955 4.778841 4.783154 4.787459 4.790329 4.79462 4.798897 4.801748 4.806008 4.810253 4.813083 4.817307 4.821515 4.824318 4.828502 4.832666 4.835442 4.839576 4.843691 4.846433 4.850513 4.854572 4.857275 4.861294 4.865291 4.86795 4.871901 4.875834
4.635593 4.639896 4.644204 4.648512 4.651395 4.655711 4.660035 4.662923 4.66725 4.671584 4.674477 4.678813 4.683153 4.686051 4.690392 4.694738 4.697639 4.701985 4.706332 4.709234 4.71358 4.717926 4.720828 4.725171 4.729513 4.732411 4.736748 4.741084 4.743976 4.748304 4.75263 4.756951 4.761264 4.764141 4.768442 4.772738 4.775601 4.779882 4.784155 4.787004 4.791259 4.795504 4.798333 4.802558 4.80677 4.809577 4.813766 4.81794 4.82072 4.824867 4.828998 4.831749 4.835847 4.839927 4.842645 4.846688 4.850712 4.853391 4.857372 4.861333 4.863968 4.867881 4.871777
4.632079 4.636348 4.64062 4.644893 4.647752 4.652033 4.656319 4.659183 4.663473 4.667767 4.670636 4.674933 4.679235 4.682107 4.686409 4.690714 4.693589 4.697895 4.702199 4.705075 4.709379 4.713682 4.716556 4.720856 4.725154 4.728024 4.732318 4.736608 4.739471 4.743754 4.748035 4.752311 4.756576 4.759423 4.763678 4.767924 4.770758 4.774991 4.779214 4.782031 4.786238 4.790432 4.793229 4.797404 4.801565 4.804339 4.808477 4.812599 4.815345 4.819441 4.823519 4.826238 4.830282 4.834309 4.836992 4.840982 4.844952 4.847596 4.851524 4.85543 4.85803 4.861888 4.865731
4.628554 4.63279 4.637027 4.641263 4.644099 4.648343 4.652593 4.655432 4.659685 4.663942 4.666786 4.671045 4.675308 4.678155 4.682417 4.686683 4.689531 4.693795 4.69806 4.700908 4.705171 4.709432 4.712278 4.716536 4.720791 4.723632 4.727881 4.732128 4.734962 4.7392 4.743435 4.747665 4.751885 4.754701 4.758909 4.763109 4.765911 4.770096 4.774272 4.777056 4.781215 4.78536 4.788125 4.79225 4.796361 4.799102 4.80319 4.807261 4.809974 4.814019 4.818045 4.820729 4.824722 4.828696 4.831345 4.835282 4.8392 4.841809 4.845684 4.849537 4.852102 4.855907 4.859695
4.625021 4.629221 4.633423 4.637626 4.640438 4.644646 4.64886 4.651675 4.65589 4.66011 4.662929 4.66715 4.671375 4.674196 4.678419 4.682646 4.685467 4.689692 4.693916 4.696737 4.700959 4.705179 4.707996 4.712213 4.716425 4.719238 4.723444 4.727647 4.730452 4.734646 4.738836 4.743021 4.747196 4.749982 4.754144 4.758298 4.761068 4.765206 4.769335 4.772088 4.776198 4.780296 4.783028 4.787105 4.791167 4.793875 4.797913 4.801935 4.804615 4.808609 4.812584 4.815234 4.819177 4.823101 4.825715 4.8296 4.833466 4.83604 4.839863 4.843665 4.846194 4.849948 4.853683
4.621483 4.625649 4.629817 4.633984 4.636772 4.640945 4.645123 4.647913 4.652093 4.656277 4.65907 4.663254 4.66744 4.670235 4.67442 4.678608 4.681403 4.685589 4.689773 4.692566 4.696748 4.700927 4.703716 4.707891 4.712062 4.714846 4.71901 4.72317 4.725945 4.730097 4.734243 4.738384 4.742514 4.745268 4.749386 4.753494 4.756233 4.760325 4.764408 4.767128 4.771193 4.775243 4.777942 4.781971 4.785986 4.78866 4.792651 4.796624 4.799269 4.803215 4.807141 4.809757 4.81365 4.817523 4.820102 4.823939 4.827754 4.830293 4.834066 4.837817 4.840311 4.844014 4.847699
4.619115 4.623258 4.627402 4.631547 4.634319 4.638468 4.642623 4.645397 4.649552 4.653712 4.656488 4.660647 4.664809 4.667587 4.671746 4.675909 4.678686 4.682845 4.687003 4.689778 4.693932 4.698085 4.700856 4.705003 4.709147 4.711911 4.716047 4.720179 4.722935 4.727057 4.731174 4.735285 4.739386 4.74212 4.746207 4.750286 4.753005 4.757066 4.761118 4.763818 4.76785 4.77187 4.774548 4.778545 4.782528 4.785181 4.789138 4.793079 4.795703 4.799615 4.80351 4.806103 4.809962 4.813804 4.81636 4.820163 4.823946 4.826461 4.830201 4.833919 4.83639 4.840058 4.843709
4.615563 4.619672 4.623783 4.627892 4.630641 4.634756 4.638875 4.641625 4.645744 4.649867 4.652619 4.656741 4.660865 4.663618 4.66774 4.671863 4.674615 4.678735 4.682853 4.685603 4.689717 4.693829 4.696574 4.700679 4.704781 4.707518 4.711613 4.715702 4.718429 4.722508 4.726583 4.73065 4.734706 4.737412 4.741455 4.745489 4.748178 4.752194 4.756199 4.75887 4.762856 4.766828 4.769476 4.773426 4.777361 4.779984 4.783893 4.787786 4.790379 4.794242 4.798087 4.800649 4.80446 4.808251 4.810777 4.814529 4.818262 4.820746 4.824435 4.828103 4.830542 4.83416 4.837761
4.612005 4.616081 4.620157 4.624233 4.626958 4.631039 4.635122 4.637848 4.641932 4.646019 4.648746 4.652831 4.656919 4.659646 4.66373 4.667816 4.670541 4.674623 4.678703 4.681425 4.685501 4.689572 4.692289 4.696355 4.700416 4.703125 4.707179 4.711226 4.713925 4.717962 4.721994 4.726018 4.730031 4.732707 4.736706 4.740695 4.743354 4.747326 4.751287 4.753926 4.757867 4.761794 4.76441 4.768315 4.772204 4.774793 4.778657 4.782503 4.785063 4.78888 4.792678 4.795207 4.79897 4.802713 4.805205 4.80891 4.812595 4.815045 4.818686 4.822305 4.82471 4.828282 4.831833
