test/Lembang_Earthquake_Scenario.asc
ncols         599
nrows         337
xllcorner     105.3000035
yllcorner     -8.3749995
cellsize      0.008333
NODATA_value  -9999
[rows 232 to 260 of 337, columns 455 to 519 of 599]
4.760001 4.734348 4.716271 4.705436 4.700165 4.697285 4.694984 4.689112 4.678514 4.664553 4.651399 4.641399 4.635651 4.633663 4.634305 4.635868 4.637565 4.640723 4.646539 4.654751 4.662908 4.669275 4.672832 4.672149 4.664986 4.653349 4.643065 4.641522 4.646294 4.649405 4.64234 4.625757 4.604666 4.583347 4.563457 4.547339 4.537817 4.534293 4.532223 4.52734 4.520998 4.517615 4.519556 4.525023 4.529822 4.532737 4.533021 4.5315 4.52633 4.518123 4.507993 4.50047 4.496559 4.495708 4.492556 4.486265 4.477142 4.469238 4.462832 4.457843 4.454042 4.451503 4.450102 4.448498 4.446558
4.764336 4.73951 4.725553 4.721358 4.722799 4.724501 4.724047 4.717842 4.704832 4.686461 4.667377 4.651124 4.63945 4.631767 4.626975 4.624283 4.623502 4.625461 4.630452 4.639046 4.650487 4.663506 4.674757 4.679528 4.674075 4.660532 4.645357 4.635037 4.627252 4.616017 4.59666 4.572384 4.54818 4.52742 4.511249 4.502012 4.500911 4.50488 4.507973 4.506783 4.504121 4.503944 4.507889 4.513778 4.518822 4.522343 4.523299 4.522205 4.516822 4.508785 4.499135 4.492815 4.490126 4.490326 4.488117 4.482677 4.474325 4.466297 4.458903 4.452364 4.448114 4.446444 4.447009 4.4473 4.447108
4.776263 4.756991 4.74719 4.74649 4.750772 4.75465 4.755217 4.74937 4.735868 4.715638 4.692795 4.671363 4.65376 4.639767 4.628842 4.621334 4.617661 4.617739 4.619965 4.625007 4.633963 4.647732 4.662274 4.670784 4.667871 4.654925 4.637529 4.620424 4.602018 4.579735 4.553384 4.527666 4.505864 4.489541 4.478819 4.475912 4.480037 4.487421 4.492723 4.494699 4.496172 4.499005 4.504437 4.511175 4.518403 4.523802 4.524696 4.521204 4.513244 4.504337 4.495289 4.489415 4.486023 4.48467 4.482205 4.478253 4.472817 4.466425 4.458968 4.450978 4.446105 4.445014 4.447121 4.448958 4.450085
4.787552 4.776459 4.771008 4.771439 4.774943 4.777535 4.777199 4.772038 4.760877 4.743569 4.722415 4.700247 4.678892 4.658303 4.639574 4.625638 4.618432 4.616868 4.61624 4.616057 4.618308 4.626796 4.638511 4.64676 4.64539 4.634751 4.618733 4.600385 4.579057 4.554896 4.530196 4.509176 4.492897 4.481593 4.474919 4.475111 4.480002 4.486371 4.490182 4.492011 4.494009 4.496615 4.501945 4.509834 4.520279 4.527494 4.527334 4.52013 4.509661 4.500752 4.493386 4.488147 4.483729 4.480521 4.477563 4.474754 4.471686 4.466979 4.460315 4.452576 4.448487 4.44901 4.45276 4.4554 4.455715
4.785281 4.781759 4.780008 4.780745 4.783155 4.784914 4.784803 4.781623 4.774453 4.762826 4.747477 4.729191 4.707766 4.682397 4.655656 4.633674 4.621002 4.616813 4.614152 4.610639 4.607502 4.609674 4.615371 4.619513 4.616973 4.608049 4.595428 4.580906 4.56414 4.546036 4.528936 4.515477 4.505189 4.497695 4.492661 4.492302 4.494408 4.496994 4.497256 4.496496 4.496089 4.496382 4.500156 4.507777 4.519014 4.526398 4.525763 4.517537 4.50741 4.49992 4.494155 4.488971 4.483115 4.478195 4.474645 4.472458 4.470778 4.467691 4.462936 4.457724 4.456082 4.459121 4.464117 4.466439 4.463588
4.76288 4.76422 4.765787 4.768187 4.772254 4.776625 4.780057 4.780922 4.778252 4.772145 4.763135 4.750785 4.73271 4.706477 4.674521 4.64493 4.624966 4.615788 4.610648 4.605988 4.601503 4.600881 4.602251 4.601865 4.596693 4.588171 4.578831 4.569561 4.559724 4.549494 4.540061 4.532515 4.526073 4.520456 4.515663 4.513573 4.512877 4.512498 4.510032 4.506081 4.501508 4.498184 4.499235 4.505026 4.514228 4.520124 4.519886 4.513761 4.506811 4.501848 4.497277 4.491536 4.483976 4.477531 4.472967 4.470247 4.468118 4.465814 4.463347 4.462157 4.46377 4.469247 4.474445 4.475774 4.469482
4.728442 4.730581 4.73323 4.737062 4.744357 4.754676 4.765589 4.773466 4.775993 4.773967 4.769022 4.761325 4.747783 4.724708 4.692736 4.659203 4.632484 4.61636 4.607026 4.601498 4.59859 4.599308 4.600179 4.597235 4.589192 4.579254 4.570871 4.564563 4.559153 4.553782 4.54868 4.544139 4.539705 4.535266 4.530893 4.527634 4.525025 4.522575 4.518258 4.51208 4.504694 4.499576 4.498912 4.502696 4.508645 4.512936 4.514223 4.511652 4.507737 4.50381 4.499201 4.493098 4.48494 4.477774 4.47217 4.468568 4.465683 4.46408 4.463734 4.465854 4.469001 4.474002 4.476621 4.476126 4.468701
4.695378 4.695327 4.697065 4.70132 4.711389 4.727981 4.747365 4.76337 4.771423 4.772394 4.76938 4.764258 4.754846 4.737252 4.710072 4.677914 4.64816 4.626051 4.611272 4.602413 4.598596 4.599051 4.599438 4.595408 4.586393 4.57613 4.568261 4.563038 4.559117 4.555313 4.551562 4.547881 4.544116 4.540238 4.536312 4.532737 4.529473 4.526252 4.521388 4.514596 4.506447 4.500979 4.499439 4.501592 4.505033 4.508379 4.511255 4.511703 4.509872 4.506251 4.501433 4.495814 4.488193 4.480991 4.47397 4.468948 4.464917 4.463593 4.463916 4.466308 4.467422 4.468457 4.466775 4.46473 4.459275
4.673639 4.671002 4.671058 4.674931 4.686271 4.706812 4.732109 4.754228 4.766674 4.769775 4.76757 4.763439 4.756871 4.7449 4.72525 4.699423 4.672064 4.647555 4.627895 4.613446 4.604721 4.600733 4.59797 4.592603 4.584256 4.575633 4.569093 4.564212 4.55982 4.555346 4.551148 4.547272 4.54355 4.539856 4.536201 4.532638 4.529145 4.525549 4.520704 4.514535 4.507709 4.503541 4.502471 4.503897 4.506381 4.510045 4.515104 4.518367 4.518068 4.514247 4.508657 4.503232 4.495815 4.488137 4.478844 4.471881 4.466571 4.465285 4.464729 4.464086 4.459781 4.45464 4.44885 4.446101 4.44382
4.664287 4.661653 4.662418 4.667768 4.680428 4.702026 4.728076 4.750896 4.764003 4.767516 4.765528 4.761776 4.756941 4.749321 4.737018 4.719592 4.698856 4.676905 4.655849 4.636592 4.620872 4.60886 4.599847 4.592151 4.585722 4.580958 4.577349 4.573101 4.567473 4.56125 4.555617 4.550597 4.545673 4.540688 4.535937 4.531713 4.527956 4.524403 4.520271 4.515748 4.511683 4.509882 4.510152 4.511487 4.514411 4.519887 4.528492 4.535707 4.538163 4.53504 4.527975 4.520369 4.510098 4.499539 4.486493 4.476909 4.47021 4.468957 4.466537 4.460749 4.449185 4.438072 4.430257 4.428416 4.428768
4.667207 4.667377 4.671568 4.680499 4.694708 4.714534 4.736063 4.753927 4.76368 4.765762 4.76348 4.759827 4.755805 4.750741 4.743644 4.733567 4.720507 4.704466 4.686431 4.666831 4.647571 4.629729 4.615231 4.605029 4.600069 4.598981 4.598336 4.594569 4.587197 4.578527 4.570741 4.563728 4.556397 4.548585 4.541188 4.535157 4.530703 4.527311 4.524004 4.520816 4.518857 4.519071 4.520856 4.522961 4.527832 4.53698 4.550607 4.562258 4.567425 4.564724 4.55568 4.544097 4.528688 4.512707 4.494612 4.481418 4.472989 4.471377 4.467328 4.457517 4.440764 4.42663 4.419355 4.419704 4.421431
4.683438 4.687339 4.695553 4.707537 4.721552 4.736791 4.750526 4.760443 4.764728 4.764352 4.761444 4.757792 4.754064 4.750098 4.745554 4.739825 4.732459 4.722685 4.710351 4.694959 4.677565 4.659402 4.643608 4.632789 4.628659 4.629272 4.629964 4.626446 4.618361 4.608601 4.599472 4.59049 4.580099 4.568392 4.557141 4.548289 4.542722 4.539586 4.537072 4.534253 4.531947 4.531088 4.531365 4.532618 4.538904 4.552196 4.571195 4.587333 4.595238 4.593459 4.583851 4.569674 4.550532 4.529431 4.506248 4.488236 4.476801 4.473547 4.468197 4.456673 4.438365 4.424461 4.419105 4.421679 4.423796
4.712785 4.717934 4.726808 4.737878 4.748337 4.757065 4.762788 4.765487 4.765148 4.762774 4.759383 4.755723 4.752061 4.748388 4.744652 4.740653 4.736105 4.730427 4.723157 4.713493 4.701526 4.687855 4.675018 4.665719 4.661864 4.662034 4.662228 4.658744 4.651273 4.642277 4.633479 4.624148 4.61264 4.599059 4.585518 4.574582 4.568192 4.565422 4.563309 4.558849 4.551906 4.544483 4.538397 4.535748 4.541358 4.557011 4.57986 4.599761 4.610574 4.610774 4.603136 4.590118 4.571701 4.549069 4.523145 4.500371 4.484217 4.476389 4.468496 4.456687 4.440409 4.429523 4.426996 4.431554 4.43397
4.745826 4.749327 4.755172 4.761601 4.766296 4.768711 4.768724 4.767106 4.764298 4.760917 4.757298 4.753643 4.749998 4.746363 4.742736 4.7391 4.735401 4.731437 4.726923 4.721296 4.714312 4.706093 4.697928 4.691418 4.687757 4.686283 4.684823 4.681339 4.675647 4.669036 4.66215 4.654212 4.643976 4.631526 4.618701 4.607908 4.601579 4.598928 4.596225 4.588518 4.574393 4.557084 4.541486 4.532116 4.534059 4.548781 4.573384 4.597134 4.612485 4.616523 4.61269 4.603694 4.589983 4.570737 4.54636 4.521679 4.501353 4.487687 4.475433 4.461775 4.446537 4.437042 4.435337 4.439883 4.442412
4.771926 4.772011 4.773085 4.774063 4.773774 4.772122 4.769354 4.766042 4.762468 4.758833 4.755188 4.751551 4.747924 4.744306 4.740696 4.737096 4.733505 4.729904 4.726239 4.72232 4.717964 4.713098 4.708101 4.703581 4.700037 4.697281 4.694535 4.691052 4.686761 4.682107 4.677181 4.671505 4.664389 4.655659 4.646297 4.637834 4.632438 4.629601 4.62525 4.613289 4.591543 4.564821 4.541118 4.525912 4.523451 4.534637 4.558614 4.585443 4.606083 4.614869 4.614897 4.609839 4.601358 4.588073 4.569401 4.547846 4.527168 4.509377 4.492063 4.473975 4.456211 4.444333 4.440591 4.443463 4.446411
4.784313 4.781915 4.779746 4.777386 4.774504 4.771183 4.76761 4.763974 4.76033 4.756693 4.753066 4.749447 4.745838 4.742237 4.738645 4.735062 4.731487 4.727922 4.724365 4.720803 4.717212 4.713572 4.709912 4.706299 4.702798 4.699393 4.695998 4.692523 4.688958 4.685334 4.681552 4.677413 4.672669 4.66716 4.661234 4.655533 4.65124 4.647872 4.64128 4.625487 4.598142 4.565463 4.537117 4.518695 4.512931 4.520381 4.5425 4.571333 4.596813 4.610449 4.613754 4.611297 4.606324 4.59846 4.586696 4.571698 4.555259 4.538056 4.518519 4.496169 4.473303 4.455201 4.445324 4.443019 4.44437
4.786945 4.783399 4.779868 4.776309 4.772701 4.769064 4.765419 4.761753 4.758061 4.754353 4.750709 4.747139 4.743637 4.740119 4.736578 4.733016 4.729458 4.72591 4.72237 4.718838 4.715316 4.711802 4.708298 4.704802 4.701314 4.697835 4.694365 4.690903 4.687451 4.684008 4.680558 4.677076 4.67351 4.669737 4.665784 4.661784 4.658115 4.65405 4.645211 4.626141 4.594944 4.559304 4.529452 4.510748 4.503749 4.508675 4.52825 4.557607 4.586539 4.604765 4.611082 4.610235 4.606753 4.602046 4.595559 4.587095 4.57678 4.56379 4.546191 4.523321 4.497542 4.474065 4.457411 4.448627 4.446518
4.785074 4.781408 4.777751 4.774102 4.770462 4.766825 4.76312 4.759102 4.754695 4.750117 4.746102 4.742897 4.740291 4.737547 4.734415 4.730957 4.727418 4.723886 4.720363 4.716847 4.713341 4.709843 4.706354 4.702873 4.699401 4.695938 4.692482 4.689036 4.685598 4.682169 4.678749 4.675337 4.671935 4.668528 4.665116 4.661639 4.65781 4.65226 4.640503 4.618155 4.584422 4.547837 4.51802 4.500224 4.493171 4.497038 4.514555 4.54411 4.575846 4.59858 4.60802 4.608596 4.605627 4.602114 4.59812 4.593426 4.587661 4.579561 4.566967 4.548574 4.525406 4.501358 4.480602 4.465878 4.458648
4.782729 4.779084 4.775446 4.771817 4.768195 4.76452 4.760435 4.755242 4.748712 4.741882 4.736847 4.734663 4.734356 4.733832 4.731913 4.728858 4.725367 4.721852 4.718345 4.714846 4.711356 4.707874 4.7044 4.700935 4.697479 4.69403 4.69059 4.687159 4.683736 4.680322 4.676916 4.673518 4.670129 4.666748 4.663317 4.659493 4.654156 4.644943 4.627902 4.601014 4.566013 4.531437 4.504659 4.489322 4.482831 4.48594 4.501806 4.531642 4.565972 4.592778 4.605072 4.606888 4.604129 4.600901 4.59764 4.594286 4.590586 4.585688 4.577983 4.566072 4.549583 4.530408 4.511256 4.495385 4.48551
4.780439 4.77679 4.773145 4.76952 4.765902 4.761974 4.756689 4.74864 4.737698 4.726909 4.720591 4.720947 4.725114 4.72874 4.729019 4.726722 4.723305 4.719807 4.716316 4.712834 4.70936 4.705894 4.702436 4.698987 4.695545 4.692112 4.688687 4.685271 4.681863 4.678463 4.675072 4.671689 4.668313 4.664891 4.661111 4.655932 4.646994 4.63117 4.606407 4.57483 4.541451 4.513242 4.493041 4.48122 4.474893 4.476634 4.491196 4.521573 4.558298 4.588198 4.602577 4.60521 4.60257 4.599369 4.596177 4.592992 4.589763 4.5862 4.58156 4.574933 4.565426 4.553288 4.539536 4.52662 4.517073
4.778338 4.774644 4.770957 4.767327 4.763697 4.759213 4.751751 4.739364 4.722627 4.707701 4.700787 4.704998 4.714538 4.723096 4.725936 4.72462 4.721272 4.717761 4.714274 4.710809 4.707353 4.703903 4.700461 4.697027 4.693602 4.690184 4.686774 4.683372 4.679979 4.676594 4.673218 4.669849 4.666435 4.662672 4.657598 4.649176 4.634128 4.609765 4.577277 4.543577 4.51645 4.499661 4.489625 4.482095 4.474896 4.473995 4.486799 4.51701 4.554594 4.585585 4.600681 4.603593 4.601001 4.597811 4.59463 4.591457 4.588291 4.585085 4.581637 4.577609 4.572418 4.565819 4.557956 4.549991 4.543315
4.776559 4.772686 4.768911 4.765295 4.761675 4.756281 4.745768 4.727818 4.704882 4.686784 4.68142 4.691037 4.706258 4.718914 4.723519 4.722742 4.719361 4.715807 4.712321 4.708882 4.705449 4.702014 4.698587 4.695158 4.691721 4.688281 4.684858 4.681461 4.678083 4.674716 4.671353 4.667982 4.664302 4.659369 4.65118 4.637136 4.614676 4.583546 4.548374 4.518851 4.502638 4.499053 4.498182 4.492346 4.481563 4.476693 4.48772 4.517645 4.554788 4.584962 4.599385 4.602041 4.599422 4.596243 4.593074 4.589912 4.586759 4.583613 4.580456 4.577233 4.573755 4.56984 4.565399 4.560748 4.556357
4.775307 4.771211 4.76736 4.763791 4.760211 4.753942 4.740698 4.718128 4.690787 4.671419 4.668644 4.682937 4.702015 4.716813 4.721914 4.721061 4.717448 4.71389 4.710505 4.707153 4.703763 4.700342 4.696928 4.693484 4.690001 4.686489 4.683028 4.679631 4.676279 4.672922 4.669549 4.666105 4.661734 4.654402 4.640978 4.619538 4.590319 4.556745 4.525404 4.505252 4.501084 4.508008 4.512025 4.504502 4.488683 4.480592 4.491474 4.522145 4.558242 4.586123 4.59865 4.60055 4.597833 4.594666 4.591508 4.588358 4.585216 4.582081 4.578955 4.575836 4.57271 4.569554 4.566345 4.563103 4.559877
4.77445 4.77003 4.766114 4.762641 4.759165 4.752098 4.736588 4.710151 4.679708 4.660005 4.660787 4.679502 4.7017 4.717005 4.721393 4.719727 4.715792 4.712344 4.709155 4.705923 4.70258 4.699168 4.695764 4.692147 4.688422 4.684683 4.681221 4.677926 4.674659 4.671316 4.667898 4.664287 4.658734 4.647928 4.628046 4.5993 4.56591 4.534557 4.511491 4.501935 4.506453 4.517446 4.520343 4.508388 4.488182 4.479393 4.492849 4.526265 4.562269 4.58785 4.598176 4.599078 4.596235 4.59308 4.589933 4.586795 4.583663 4.58054 4.577424 4.574317 4.571216 4.568124 4.565039 4.561962 4.558893
4.774154 4.769605 4.765673 4.762246 4.758819 4.751469 4.735172 4.70744 4.676075 4.656462 4.658644 4.678877 4.702 4.717274 4.719796 4.717057 4.713489 4.710807 4.708116 4.70507 4.70179 4.698384 4.694986 4.691108 4.687078 4.683112 4.67976 4.676655 4.673505 4.670032 4.666378 4.662434 4.655605 4.641246 4.615437 4.581111 4.546221 4.518829 4.503141 4.499873 4.506601 4.515543 4.51473 4.500279 4.480371 4.474835 4.492749 4.529279 4.565489 4.589145 4.597591 4.597581 4.594627 4.591484 4.588349 4.585222 4.582102 4.57899 4.575885 4.572788 4.569699 4.566617 4.563542 4.560476 4.557417
4.773858 4.769104 4.765147 4.761793 4.758447 4.750761 4.733593 4.70427 4.671785 4.652124 4.656263 4.678571 4.703128 4.718169 4.71889 4.715586 4.712486 4.710209 4.707759 4.704791 4.701536 4.698132 4.694736 4.688995 4.684448 4.680903 4.678295 4.675674 4.672705 4.66903 4.66508 4.660821 4.651673 4.632799 4.60186 4.565386 4.53255 4.509564 4.498369 4.496513 4.500744 4.504854 4.501014 4.487715 4.472646 4.472437 4.494133 4.531795 4.567335 4.589361 4.596605 4.596021 4.59301 4.589879 4.586756 4.58364 4.580531 4.57743 4.574336 4.57125 4.568172 4.565101 4.562037 4.558981 4.555933
-9999 -9999 -9999 -9999 -9999 -9999 -9999 -9999 -9999 -9999 -9999 -9999 -9999 -9999 4.711524 4.711096 4.710669 4.709338 4.707345 4.7045 4.701281 4.697879 4.694485 4.687452 4.682968 4.67994 4.677724 4.675336 4.672442 4.666968 4.662516 4.658628 4.644739 4.619437 4.583561 4.549799 4.52313 4.505124 4.49596 4.492191 4.491923 4.491463 4.486898 4.477945 4.470545 4.476503 4.500715 4.536962 4.569847 4.589408 4.595443 4.594419 4.591384 4.588265 4.585153 4.582048 4.578951 4.575861 4.572779 4.569704 4.566636 4.563576 4.560523 4.557477 4.554439
-9999 -9999 -9999 -9999 -9999 -9999 -9999 -9999 -9999 -9999 -9999 -9999 -9999 -9999 -9999 -9999 -9999 -9999 -9999 -9999 -9999 -9999 -9999 4.679022 4.678604 4.678187 4.676889 4.674944 4.672169 4.665463 4.661073 4.657675 4.623456 4.587773 4.553841 4.531631 4.5158 4.503827 4.49605 4.48995 4.486141 4.482932 4.478909 4.474376 4.474053 4.485707 4.511754 4.545371 4.574018 4.58998 4.594322 4.592797 4.58975 4.586642 4.583542 4.580449 4.577363 4.574284 4.571212 4.568148 4.565092 4.562042 4.559 4.555965 4.552938
-9999 -9999 -9999 -9999 -9999 -9999 -9999 -9999 -9999 -9999 -9999 -9999 -9999 -9999 -9999 -9999 -9999 -9999 -9999 -9999 -9999 -9999 -9999 -9999 -9999 -9999 -9999 -9999 -9999 4.657214 4.656808 4.655968 4.584723 4.547774 4.525368 4.516035 4.510724 4.504427 4.497644 4.48952 4.483308 4.478652 4.475262 4.473942 4.47913 4.496268 4.524648 4.556076 4.579861 4.59137 4.59338 4.59118 4.588102 4.585008 4.581921 4.57884 4.575765 4.572698 4.569637 4.566584 4.563539 4.5605 4.557468 4.554444 4.551427
