test/Lembang_Earthquake_Scenario.asc
ncols         599
nrows         337
xllcorner     105.3000035
yllcorner     -8.3749995
cellsize      0.008333
NODATA_value  -9999
[rows 174 to 202 of 337, columns 520 to 584 of 599]
4.555466 4.529679 4.507308 4.490493 4.479949 4.4736 4.469437 4.466513 4.464533 4.463211 4.460526 4.456194 4.45044 4.44526 4.440922 4.437531 4.435853 4.435989 4.437532 4.437496 4.436322 4.435526 4.437206 4.439845 4.439717 4.436218 4.430751 4.426954 4.422445 4.414797 4.4027 4.390676 4.38209 4.377244 4.37443 4.373237 4.375037 4.38107 4.390371 4.400436 4.405603 4.402424 4.388791 4.370529 4.35346 4.343038 4.33774 4.334455 4.329609 4.322844 4.315432 4.311085 4.311102 4.316688 4.327044 4.341261 4.355716 4.364376 4.366504 4.363825 4.363012 4.36318 4.363106 4.356325 4.342109
4.527362 4.508096 4.493487 4.483442 4.476997 4.472456 4.468771 4.46548 4.4625 4.459754 4.456519 4.452704 4.448386 4.444286 4.440496 4.437144 4.435207 4.434823 4.435593 4.434532 4.431565 4.427661 4.425317 4.42426 4.422537 4.419878 4.417048 4.415867 4.413731 4.40825 4.398702 4.388735 4.381307 4.376663 4.373378 4.370693 4.369447 4.371069 4.375989 4.38293 4.387369 4.38566 4.375855 4.362284 4.350045 4.343104 4.340205 4.337569 4.332015 4.323396 4.314228 4.308727 4.307629 4.310808 4.316985 4.325923 4.336137 4.341646 4.342412 4.338898 4.339464 4.342606 4.347917 4.347137 4.339003
4.506686 4.494608 4.486088 4.480208 4.475789 4.471951 4.46834 4.464789 4.46128 4.457812 4.454303 4.45075 4.447155 4.4436 4.440086 4.43669 4.43405 4.432249 4.431075 4.428759 4.425135 4.420605 4.416759 4.413751 4.41092 4.408197 4.405867 4.404511 4.402527 4.398524 4.392247 4.385611 4.380245 4.376275 4.372976 4.369832 4.36715 4.365698 4.366014 4.367741 4.368653 4.366651 4.360591 4.352683 4.346403 4.343807 4.343929 4.342177 4.336145 4.325868 4.315394 4.308622 4.306456 4.30792 4.312001 4.318056 4.32594 4.329734 4.330487 4.326662 4.327063 4.328834 4.334122 4.334697 4.330622
4.494785 4.487883 4.482726 4.478644 4.474979 4.471429 4.467868 4.464272 4.460641 4.457046 4.453487 4.449968 4.446485 4.443038 4.439624 4.436226 4.433084 4.430227 4.4276 4.424504 4.420856 4.416756 4.412886 4.409339 4.406033 4.402927 4.400161 4.39778 4.395195 4.39184 4.387677 4.383329 4.379388 4.375896 4.372637 4.369411 4.366268 4.363438 4.361184 4.359523 4.357787 4.35516 4.351187 4.346672 4.343888 4.343659 4.345308 4.344151 4.338595 4.328382 4.317702 4.309059 4.304385 4.303329 4.306378 4.311813 4.319247 4.322694 4.324145 4.321174 4.321496 4.320554 4.32195 4.319303 4.315501
4.488124 4.483279 4.47919 4.475643 4.472594 4.469791 4.466634 4.462927 4.458745 4.454671 4.450792 4.447231 4.444008 4.441143 4.438464 4.435547 4.432373 4.429008 4.425663 4.422276 4.418846 4.415371 4.411936 4.408541 4.405186 4.401865 4.398598 4.395385 4.392159 4.388863 4.385494 4.382118 4.378823 4.375609 4.372453 4.369255 4.366012 4.36275 4.35958 4.356523 4.353509 4.350418 4.347187 4.344053 4.342516 4.343083 4.345491 4.345641 4.341828 4.332537 4.320672 4.307884 4.29819 4.293365 4.295535 4.301751 4.309984 4.314338 4.316799 4.315491 4.316111 4.31381 4.31181 4.305855 4.300344
4.481656 4.476198 4.471646 4.468069 4.466156 4.464882 4.462968 4.459486 4.454623 4.449546 4.444669 4.440797 4.438227 4.436966 4.43611 4.434411 4.431759 4.428452 4.425072 4.421675 4.418275 4.414887 4.411511 4.408148 4.404797 4.401457 4.398129 4.394814 4.39151 4.388217 4.384936 4.381693 4.378727 4.376068 4.373638 4.370718 4.367217 4.363213 4.359425 4.355944 4.352744 4.349584 4.346436 4.34342 4.341753 4.342403 4.34587 4.34902 4.348855 4.341789 4.328566 4.310882 4.294541 4.28396 4.283069 4.289186 4.298289 4.304069 4.30716 4.307456 4.3087 4.30703 4.303519 4.296165 4.289391
4.472423 4.464334 4.458148 4.454453 4.4546 4.456037 4.456506 4.453853 4.448282 4.441475 4.434514 4.429729 4.427931 4.428993 4.430697 4.430981 4.429678 4.427238 4.424345 4.42113 4.417743 4.41435 4.41092 4.407507 4.404161 4.400898 4.397662 4.394402 4.391119 4.387829 4.384552 4.381363 4.378929 4.37734 4.376361 4.373996 4.369977 4.364535 4.359669 4.355645 4.352387 4.349231 4.346085 4.343063 4.341482 4.343158 4.349548 4.35786 4.362937 4.359056 4.34552 4.324833 4.303073 4.285853 4.278625 4.281235 4.28944 4.296276 4.300012 4.30156 4.303522 4.303332 4.29987 4.292435 4.284803
4.461876 4.450872 4.44245 4.438405 4.440073 4.443746 4.446786 4.446193 4.441473 4.433507 4.424093 4.417662 4.415907 4.418272 4.421433 4.423522 4.42438 4.42399 4.422113 4.419265 4.415858 4.412314 4.408278 4.404303 4.400992 4.398499 4.396255 4.393672 4.390666 4.387428 4.384154 4.381046 4.379328 4.379177 4.380129 4.378511 4.373795 4.366439 4.360118 4.355362 4.35202 4.348865 4.345722 4.342692 4.34115 4.343547 4.352091 4.364389 4.374076 4.374775 4.365255 4.347944 4.326336 4.304646 4.28928 4.284378 4.288044 4.293495 4.297138 4.299821 4.303304 4.304958 4.301753 4.293651 4.284867
4.450123 4.437797 4.427908 4.424219 4.426553 4.431793 4.436635 4.438403 4.435082 4.42624 4.414324 4.405591 4.402697 4.404438 4.40729 4.410743 4.414277 4.416876 4.416278 4.414111 4.410811 4.406949 4.401388 4.395812 4.392386 4.391698 4.392175 4.391704 4.389729 4.386747 4.383516 4.380503 4.37912 4.379515 4.381149 4.37979 4.374837 4.366829 4.360014 4.35501 4.351639 4.348487 4.345347 4.342306 4.340578 4.342567 4.350572 4.36304 4.374528 4.380004 4.377964 4.369061 4.352632 4.330265 4.308626 4.295579 4.292687 4.294581 4.297148 4.30025 4.304791 4.307274 4.304004 4.295147 4.28594
4.436905 4.426234 4.416873 4.413951 4.415159 4.420095 4.425375 4.429334 4.427703 4.418523 4.404948 4.394274 4.389956 4.390137 4.39185 4.396036 4.401086 4.40543 4.405241 4.404027 4.40135 4.396956 4.388725 4.379978 4.375859 4.377725 4.382911 4.386379 4.386363 4.383737 4.380714 4.378332 4.377338 4.377298 4.377782 4.375936 4.371493 4.364855 4.359057 4.354563 4.351247 4.348098 4.344961 4.341879 4.339579 4.339725 4.344046 4.352219 4.361304 4.368953 4.373583 4.373556 4.364533 4.345923 4.323629 4.306794 4.299024 4.297059 4.297829 4.300635 4.305482 4.3078 4.304158 4.29516 4.287113
4.422171 4.414903 4.40833 4.406827 4.406779 4.410347 4.414764 4.418945 4.417188 4.407127 4.392667 4.381333 4.37671 4.376877 4.378909 4.383671 4.387641 4.390389 4.388958 4.388897 4.387967 4.383579 4.37305 4.360484 4.354678 4.357977 4.368131 4.376509 4.379268 4.377036 4.374445 4.373501 4.373515 4.372532 4.370383 4.367383 4.364133 4.360706 4.357312 4.354024 4.350843 4.347697 4.344563 4.341454 4.33866 4.336962 4.337275 4.340055 4.34468 4.350994 4.357471 4.361241 4.356986 4.343879 4.326453 4.312252 4.304006 4.30001 4.298889 4.300696 4.304998 4.306851 4.303254 4.2954 4.289445
4.409357 4.404917 4.402426 4.402698 4.402051 4.402805 4.404415 4.406038 4.402556 4.392436 4.379734 4.370615 4.367541 4.369002 4.372414 4.376947 4.377399 4.375127 4.370903 4.371564 4.373059 4.369207 4.357471 4.341448 4.33321 4.33602 4.349756 4.362692 4.368598 4.366974 4.365221 4.366487 4.368601 4.367429 4.362969 4.358846 4.356754 4.35651 4.355505 4.353445 4.350415 4.347285 4.344153 4.341033 4.337974 4.3352 4.333023 4.331922 4.33221 4.334589 4.338186 4.340789 4.33847 4.331128 4.321384 4.313671 4.307979 4.303442 4.300263 4.300575 4.304064 4.306332 4.303878 4.298358 4.294404
4.403675 4.399583 4.400701 4.403074 4.403315 4.400476 4.397028 4.392916 4.386482 4.37757 4.369255 4.364422 4.36374 4.366374 4.371028 4.37466 4.371226 4.363034 4.355237 4.355341 4.358572 4.355779 4.344586 4.32714 4.316804 4.317423 4.331893 4.347788 4.357371 4.357924 4.357912 4.361066 4.364953 4.364022 4.358262 4.35313 4.351205 4.352626 4.353233 4.352389 4.349805 4.346849 4.343732 4.340614 4.337507 4.334433 4.331445 4.328762 4.326686 4.325737 4.325559 4.325131 4.322728 4.319328 4.316127 4.314647 4.311904 4.30722 4.301688 4.299865 4.301898 4.304876 4.304137 4.301177 4.297916
4.405139 4.399 4.402455 4.407546 4.409805 4.403833 4.394693 4.384106 4.374899 4.367944 4.364778 4.363942 4.364559 4.366234 4.370635 4.373387 4.368544 4.35697 4.346155 4.343821 4.34609 4.343429 4.333452 4.317381 4.306892 4.305348 4.317338 4.33313 4.345716 4.350252 4.353089 4.357327 4.361443 4.360323 4.353651 4.347202 4.34427 4.346323 4.348727 4.350071 4.348788 4.346368 4.3433 4.340185 4.33708 4.333985 4.330901 4.327851 4.324898 4.322214 4.319777 4.317403 4.314754 4.313182 4.313078 4.31442 4.313004 4.30822 4.300969 4.296451 4.295188 4.296592 4.296186 4.294761 4.291933
4.411131 4.401189 4.404271 4.410625 4.414114 4.406222 4.393792 4.379927 4.370383 4.36511 4.364182 4.363678 4.362898 4.362349 4.365815 4.368697 4.365172 4.353759 4.341362 4.335711 4.334873 4.332079 4.324939 4.314114 4.306175 4.302431 4.307719 4.318462 4.33119 4.339877 4.34594 4.350413 4.353098 4.350908 4.343031 4.334849 4.330493 4.333744 4.33975 4.345481 4.34699 4.345748 4.342841 4.339744 4.336642 4.333551 4.33047 4.327398 4.324338 4.321329 4.318372 4.315465 4.312642 4.311102 4.311024 4.312041 4.310338 4.305359 4.29713 4.289813 4.284054 4.281646 4.279725 4.277841 4.274183
4.416119 4.401774 4.402072 4.40766 4.410616 4.402276 4.389961 4.377614 4.370608 4.366641 4.364234 4.360199 4.355694 4.352846 4.35541 4.35894 4.357949 4.349244 4.337641 4.329581 4.325428 4.322911 4.320658 4.318207 4.315031 4.308971 4.304559 4.305429 4.313494 4.323298 4.331223 4.335394 4.335846 4.331738 4.322116 4.312356 4.307555 4.313583 4.325159 4.337187 4.343136 4.344221 4.342103 4.339252 4.336193 4.33308 4.329954 4.326819 4.323767 4.321037 4.318658 4.316485 4.313854 4.311133 4.308452 4.306302 4.302808 4.297734 4.2897 4.280546 4.27067 4.263968 4.259845 4.256546 4.251481
4.419595 4.40135 4.396123 4.39722 4.396914 4.388371 4.377894 4.369466 4.366279 4.364007 4.35957 4.352385 4.345593 4.34282 4.345267 4.348689 4.34852 4.342348 4.333091 4.325106 4.319976 4.319591 4.32387 4.330402 4.332085 4.323507 4.309482 4.298903 4.298735 4.305037 4.311763 4.31426 4.311944 4.305402 4.29443 4.284407 4.280572 4.289382 4.305753 4.323652 4.335091 4.340232 4.340423 4.338509 4.335575 4.332082 4.328339 4.324558 4.321452 4.319673 4.319117 4.318898 4.316911 4.312567 4.306065 4.29949 4.293171 4.287686 4.280512 4.271863 4.261302 4.253799 4.249401 4.245384 4.237906
4.422856 4.402808 4.392126 4.387908 4.383504 4.374127 4.363805 4.357055 4.355422 4.354439 4.350116 4.343961 4.339609 4.34 4.342932 4.344497 4.342638 4.337803 4.331787 4.326181 4.321943 4.32371 4.332719 4.345345 4.350695 4.341592 4.32298 4.304973 4.297142 4.297087 4.299416 4.298061 4.291936 4.282482 4.270592 4.261025 4.257745 4.266307 4.283293 4.304025 4.321061 4.332297 4.33704 4.336981 4.333827 4.328741 4.32313 4.3181 4.315527 4.316154 4.319096 4.32188 4.320484 4.313418 4.301375 4.289023 4.279609 4.275054 4.271649 4.267477 4.2604 4.255204 4.25197 4.248005 4.238556
4.428903 4.410525 4.396638 4.387856 4.37923 4.367437 4.354636 4.346047 4.342939 4.341964 4.339882 4.339101 4.342008 4.348034 4.351822 4.350298 4.34498 4.340077 4.336632 4.333981 4.330526 4.332191 4.341022 4.354585 4.361598 4.355087 4.338998 4.321093 4.310013 4.303829 4.299666 4.292491 4.282141 4.270451 4.258512 4.249554 4.245175 4.249659 4.262248 4.281788 4.303047 4.321087 4.331623 4.333535 4.329017 4.320621 4.312082 4.306066 4.305471 4.309936 4.316989 4.322206 4.320692 4.310751 4.293962 4.277121 4.265825 4.263425 4.265412 4.267899 4.266787 4.265649 4.264505 4.261252 4.251072
4.439572 4.425634 4.411906 4.400794 4.388269 4.372139 4.35477 4.342638 4.337073 4.335218 4.335403 4.34022 4.350656 4.361396 4.365277 4.360179 4.351753 4.347065 4.346514 4.346674 4.342646 4.340351 4.343486 4.35315 4.360209 4.358679 4.350174 4.339025 4.33053 4.32233 4.313319 4.301259 4.287615 4.274521 4.261865 4.251495 4.243164 4.241004 4.246702 4.262862 4.286266 4.309349 4.324017 4.326324 4.319198 4.307344 4.297184 4.292623 4.296143 4.305303 4.316026 4.322607 4.320201 4.307096 4.286327 4.266488 4.255197 4.256109 4.263752 4.272007 4.275811 4.277474 4.277829 4.275124 4.265769
4.452882 4.445705 4.434404 4.421782 4.405279 4.384355 4.362858 4.347861 4.340349 4.336952 4.337548 4.344844 4.359885 4.373803 4.378728 4.372258 4.36279 4.358619 4.360027 4.361438 4.355591 4.347413 4.342247 4.345021 4.349814 4.351928 4.350554 4.347771 4.345399 4.340309 4.331317 4.318423 4.304076 4.29022 4.275625 4.261843 4.248344 4.239828 4.239227 4.251421 4.274057 4.298213 4.31357 4.314984 4.306271 4.293994 4.285832 4.285305 4.293158 4.305385 4.317771 4.324698 4.322007 4.307889 4.286567 4.266953 4.256881 4.259015 4.267786 4.276891 4.282218 4.285279 4.287164 4.285394 4.277749
4.464488 4.463737 4.454885 4.441234 4.422534 4.399556 4.376349 4.359171 4.34917 4.343082 4.342183 4.348779 4.365047 4.380819 4.388533 4.384132 4.37647 4.373382 4.375835 4.377388 4.37044 4.358219 4.3469 4.343437 4.344568 4.34639 4.346574 4.347536 4.350227 4.35156 4.348147 4.339461 4.327195 4.312738 4.294607 4.275014 4.255379 4.241903 4.238042 4.247832 4.267522 4.287909 4.299776 4.300028 4.293565 4.286545 4.284602 4.288928 4.298876 4.311202 4.323479 4.330937 4.329185 4.315647 4.295326 4.277045 4.26812 4.26934 4.275587 4.281573 4.285253 4.287726 4.289891 4.288577 4.28273
4.467768 4.472515 4.466573 4.454206 4.437734 4.418118 4.397008 4.378252 4.364018 4.352668 4.347122 4.349873 4.364919 4.382992 4.396285 4.397829 4.394047 4.391463 4.392474 4.392379 4.385441 4.373248 4.360698 4.353962 4.351205 4.349191 4.345499 4.343998 4.347217 4.352988 4.356124 4.35371 4.345716 4.332033 4.311284 4.286187 4.261484 4.24515 4.240873 4.249087 4.263695 4.276621 4.283266 4.284304 4.284692 4.287071 4.292677 4.299881 4.308271 4.317139 4.326688 4.333443 4.333013 4.322471 4.306433 4.292097 4.284878 4.283773 4.285114 4.285813 4.286125 4.286796 4.288062 4.286695 4.282373
4.462766 4.469445 4.465397 4.456803 4.447448 4.436374 4.421039 4.402624 4.384939 4.368657 4.357509 4.354564 4.365296 4.383372 4.400728 4.40807 4.407909 4.404989 4.403348 4.401188 4.395899 4.387479 4.378602 4.372594 4.368076 4.362068 4.35278 4.344846 4.343097 4.347123 4.352218 4.354008 4.35089 4.340399 4.319859 4.291814 4.264657 4.248713 4.247377 4.25555 4.264143 4.266969 4.266325 4.267704 4.27593 4.288513 4.301313 4.310047 4.315534 4.319929 4.325521 4.330133 4.329939 4.322395 4.311299 4.301772 4.297253 4.295294 4.293589 4.290601 4.287925 4.285893 4.284511 4.281901 4.278598
4.4546 4.459833 4.456423 4.45235 4.451768 4.450701 4.44307 4.428173 4.410892 4.393139 4.377583 4.368196 4.371591 4.385972 4.403297 4.413282 4.414568 4.410266 4.405757 4.401652 4.3984 4.394555 4.390891 4.387339 4.382839 4.374676 4.361801 4.347715 4.338018 4.334274 4.335032 4.337089 4.33791 4.332354 4.315402 4.289403 4.264886 4.253333 4.256225 4.263856 4.265857 4.259024 4.251667 4.252488 4.265982 4.285832 4.304056 4.314354 4.318019 4.318753 4.319916 4.32096 4.319746 4.31497 4.309361 4.305524 4.304917 4.304213 4.30242 4.298816 4.295131 4.290782 4.28581 4.280421 4.276577
4.449614 4.450129 4.443633 4.440307 4.445319 4.45244 4.453165 4.445304 4.433648 4.420297 4.405434 4.392661 4.388377 4.3953 4.407152 4.414796 4.414644 4.408195 4.401522 4.396152 4.394755 4.394448 4.395113 4.394019 4.390487 4.381739 4.366756 4.347235 4.328721 4.315105 4.308657 4.308293 4.310856 4.30969 4.298203 4.279079 4.262538 4.258773 4.265664 4.271771 4.267943 4.254319 4.241724 4.240092 4.2545 4.278016 4.300496 4.313543 4.317553 4.3168 4.315257 4.3137 4.311373 4.307924 4.305319 4.304644 4.306579 4.308227 4.309677 4.309828 4.308412 4.302926 4.293817 4.284216 4.278251
4.447909 4.444179 4.433718 4.427398 4.432389 4.443197 4.450674 4.450703 4.44632 4.439435 4.428717 4.416683 4.408199 4.408233 4.413072 4.416201 4.413796 4.406199 4.398875 4.393166 4.392409 4.393221 4.395304 4.39498 4.391677 4.382306 4.365183 4.340837 4.314933 4.293579 4.281317 4.278087 4.280157 4.281058 4.275049 4.265545 4.260123 4.264572 4.27283 4.275638 4.26803 4.253045 4.239347 4.235417 4.247207 4.270288 4.294591 4.310169 4.315715 4.31511 4.312578 4.309787 4.306879 4.304007 4.302637 4.303293 4.306648 4.310811 4.316442 4.321669 4.323964 4.318774 4.306909 4.293607 4.285161
4.44498 4.440535 4.428139 4.417539 4.417945 4.427792 4.439188 4.446032 4.448161 4.446878 4.441195 4.432725 4.424342 4.420452 4.419694 4.418542 4.414403 4.406975 4.400204 4.394871 4.393797 4.394058 4.395396 4.394648 4.391111 4.381269 4.362367 4.334316 4.303408 4.277532 4.262187 4.256979 4.257858 4.259481 4.258492 4.258393 4.263209 4.273117 4.279689 4.278118 4.268599 4.255798 4.243228 4.236755 4.24308 4.26223 4.285835 4.303433 4.31169 4.313081 4.311443 4.308796 4.305859 4.303025 4.301592 4.30241 4.306393 4.312293 4.320192 4.328029 4.332734 4.329133 4.318035 4.304621 4.296052
4.438362 4.437532 4.427832 4.415392 4.409624 4.414282 4.425539 4.436403 4.443011 4.444767 4.442123 4.436896 4.430847 4.426371 4.423206 4.419911 4.415306 4.409099 4.403664 4.399411 4.397837 4.396927 4.39642 4.394585 4.390682 4.381263 4.362793 4.334548 4.302575 4.275299 4.258784 4.252645 4.25307 4.255504 4.258449 4.264438 4.274517 4.284625 4.286705 4.280587 4.270354 4.260455 4.249039 4.239425 4.238503 4.250825 4.271143 4.290195 4.302754 4.308485 4.30958 4.307981 4.305288 4.302474 4.301208 4.303052 4.308753 4.316062 4.323163 4.328981 4.333272 4.332478 4.32612 4.316213 4.309199
