test/Lembang_Earthquake_Scenario.asc
ncols         599
nrows         337
xllcorner     105.3000035
yllcorner     -8.3749995
cellsize      0.008333
NODATA_value  -9999
[rows 232 to 260 of 337, columns 390 to 454 of 599]
4.975441 4.981405 5.003549 5.030605 5.046964 5.051075 5.049545 5.050794 5.054237 5.056975 5.056678 5.055729 5.056621 5.059688 5.063131 5.064937 5.064044 5.060017 5.052835 5.043276 5.032626 5.022123 5.012599 5.004504 4.997973 4.992674 4.988068 4.983645 4.979028 4.973987 4.968549 4.963079 4.957917 4.952722 4.94581 4.935069 4.918957 4.901318 4.886148 4.876927 4.866966 4.851268 4.827236 4.801782 4.780695 4.766761 4.7584 4.753143 4.74952 4.746873 4.745569 4.745842 4.746931 4.748191 4.748772 4.751561 4.75643 4.766607 4.778744 4.793814 4.805668 4.814187 4.81447 4.806055 4.786184
4.972631 4.973522 4.983699 4.994704 4.996145 4.989822 4.982034 4.979291 4.979458 4.980083 4.979844 4.981795 4.988322 4.999405 5.012691 5.025622 5.035927 5.041401 5.040554 5.034075 5.024684 5.01504 5.00664 4.999755 4.994161 4.989386 4.984958 4.980595 4.976203 4.971773 4.967321 4.962879 4.958468 4.953969 4.948675 4.94154 4.931327 4.919761 4.908369 4.898668 4.886037 4.867307 4.841401 4.813487 4.789001 4.770883 4.759235 4.752391 4.749079 4.747758 4.747478 4.747977 4.749071 4.750371 4.750837 4.752766 4.757787 4.769085 4.784106 4.801152 4.814586 4.822907 4.822697 4.812969 4.791656
4.963196 4.959695 4.959866 4.958809 4.951335 4.939954 4.928176 4.919612 4.912737 4.90761 4.90509 4.908315 4.918665 4.935457 4.956297 4.979108 5.001175 5.018107 5.025978 5.024271 5.017048 5.008614 5.001431 4.995626 4.990708 4.98622 4.981853 4.977501 4.973144 4.968788 4.964441 4.960104 4.955776 4.951438 4.946897 4.941803 4.93558 4.928724 4.921448 4.913827 4.903118 4.886668 4.863322 4.835246 4.80731 4.783252 4.765756 4.754998 4.750687 4.750707 4.75181 4.752146 4.751404 4.75037 4.748722 4.748737 4.753299 4.764822 4.781008 4.7981 4.811809 4.820156 4.821271 4.814169 4.797748
4.953223 4.947729 4.943395 4.937014 4.926097 4.912083 4.896793 4.882598 4.870021 4.860889 4.857137 4.860963 4.872241 4.889575 4.911394 4.937635 4.966873 4.993207 5.009898 5.013991 5.00985 5.003001 4.996949 4.991938 4.987423 4.983068 4.978725 4.974388 4.970055 4.965731 4.961415 4.957108 4.95281 4.948521 4.944222 4.93986 4.935268 4.930493 4.925429 4.91982 4.912403 4.900893 4.883368 4.859149 4.831234 4.803236 4.779421 4.76237 4.753657 4.751729 4.751885 4.750837 4.747848 4.744741 4.741831 4.741187 4.745546 4.756361 4.771358 4.7862 4.798213 4.806027 4.809279 4.807258 4.799321
4.944141 4.939244 4.935254 4.928609 4.917638 4.902529 4.885749 4.869681 4.856555 4.847601 4.844364 4.84776 4.856907 4.87009 4.886867 4.909494 4.939018 4.969804 4.993181 5.003287 5.003017 4.998151 4.99304 4.988501 4.984177 4.979878 4.975563 4.971254 4.966953 4.96266 4.958375 4.954099 4.949831 4.945571 4.94132 4.937079 4.932834 4.928587 4.924294 4.919788 4.914588 4.907088 4.895053 4.876403 4.851628 4.823266 4.795446 4.772603 4.75807 4.751596 4.749043 4.746824 4.743819 4.740884 4.737579 4.735576 4.737558 4.744918 4.755164 4.764516 4.771952 4.777906 4.783109 4.786765 4.7875
4.935155 4.932811 4.932139 4.927738 4.917968 4.903026 4.887519 4.874037 4.864758 4.858918 4.856919 4.858799 4.863711 4.870192 4.878818 4.893565 4.917865 4.948122 4.975318 4.991302 4.995828 4.993649 4.989488 4.985208 4.980944 4.976668 4.972384 4.968108 4.963838 4.959577 4.955322 4.951076 4.946838 4.942608 4.938387 4.934175 4.929971 4.925776 4.92159 4.917394 4.91307 4.907742 4.898972 4.884211 4.861977 4.834496 4.805473 4.780016 4.761686 4.750924 4.745833 4.743577 4.742785 4.741497 4.737708 4.732738 4.729753 4.73118 4.734843 4.738194 4.740856 4.744312 4.749276 4.755026 4.759742
4.924377 4.926433 4.931005 4.930128 4.922135 4.908162 4.895217 4.885594 4.880337 4.876857 4.874775 4.873918 4.874094 4.874561 4.876314 4.883512 4.900651 4.927025 4.955225 4.976379 4.986607 4.988317 4.985757 4.981895 4.977698 4.973445 4.969193 4.964948 4.960711 4.95648 4.952256 4.94804 4.943832 4.939632 4.93544 4.931256 4.927081 4.922915 4.918756 4.914607 4.910449 4.905773 4.897851 4.883882 4.861446 4.833635 4.804842 4.780677 4.763739 4.753439 4.749138 4.748492 4.750348 4.750185 4.744916 4.735431 4.725492 4.718917 4.714855 4.712834 4.712356 4.71442 4.717868 4.722001 4.725305
4.913065 4.919405 4.929178 4.93231 4.92661 4.913784 4.902394 4.894626 4.890677 4.887493 4.884461 4.881478 4.878634 4.875696 4.873469 4.875234 4.885319 4.905609 4.931864 4.956472 4.97297 4.980328 4.980999 4.978331 4.974422 4.97021 4.965991 4.961777 4.957571 4.953371 4.949178 4.944992 4.940814 4.936643 4.93248 4.928326 4.924179 4.92004 4.915909 4.911788 4.907676 4.903168 4.895323 4.881074 4.857691 4.829131 4.800925 4.779419 4.766448 4.760218 4.759505 4.761422 4.764622 4.764096 4.757044 4.743907 4.728023 4.714038 4.703163 4.6974 4.695676 4.697354 4.698373 4.698126 4.696141
4.89889 4.907067 4.919348 4.925835 4.923592 4.913705 4.904175 4.89724 4.893123 4.889369 4.885481 4.881445 4.877406 4.873327 4.869625 4.868265 4.87253 4.885587 4.906884 4.931929 4.954007 4.96845 4.97446 4.974271 4.971094 4.966964 4.962776 4.958594 4.954419 4.95025 4.946098 4.941971 4.937855 4.933722 4.929562 4.925402 4.921264 4.917151 4.91305 4.908956 4.90487 4.900459 4.893189 4.880164 4.858633 4.831893 4.80545 4.786283 4.776562 4.774299 4.776518 4.779758 4.782688 4.781327 4.772945 4.756521 4.735033 4.714171 4.697942 4.689616 4.687323 4.688663 4.687867 4.684277 4.678148
4.883363 4.89002 4.901296 4.909865 4.912062 4.907375 4.900911 4.894997 4.890509 4.886352 4.882439 4.87879 4.875371 4.871721 4.867904 4.864831 4.864528 4.870097 4.884057 4.906139 4.931741 4.95336 4.966147 4.969616 4.967695 4.963706 4.95955 4.9554 4.951255 4.947128 4.943058 4.939071 4.935091 4.931008 4.926778 4.922522 4.918338 4.914242 4.910176 4.906111 4.902052 4.897797 4.891706 4.881682 4.86541 4.84456 4.822898 4.806517 4.798048 4.796737 4.79896 4.801497 4.802917 4.800416 4.79064 4.770873 4.744033 4.717221 4.697087 4.686805 4.683611 4.68381 4.681757 4.676834 4.669669
4.873487 4.876504 4.883435 4.891161 4.896355 4.897349 4.894953 4.890957 4.886701 4.882595 4.879216 4.876639 4.874702 4.87211 4.868739 4.864915 4.861571 4.860912 4.867181 4.884222 4.910736 4.937891 4.957145 4.964586 4.964212 4.960438 4.956313 4.952194 4.948081 4.944015 4.940066 4.936246 4.932359 4.928232 4.923862 4.919519 4.915341 4.911304 4.907286 4.903253 4.899222 4.895116 4.890215 4.883438 4.873257 4.859876 4.844937 4.832498 4.824907 4.822391 4.822069 4.822073 4.82156 4.81808 4.807081 4.784379 4.753372 4.722411 4.699853 4.688066 4.683711 4.6825 4.680051 4.675818 4.670545
4.87536 4.874754 4.876924 4.881685 4.886641 4.889986 4.889708 4.886887 4.882828 4.878837 4.876197 4.875062 4.875133 4.874009 4.871405 4.867373 4.862208 4.857155 4.857021 4.86862 4.893738 4.923755 4.947802 4.958949 4.960414 4.957109 4.953065 4.948978 4.944896 4.940916 4.937093 4.933365 4.929436 4.925184 4.920758 4.916456 4.91236 4.908364 4.904377 4.900375 4.896379 4.892364 4.888134 4.883332 4.877279 4.869737 4.861049 4.85302 4.846954 4.843337 4.840744 4.838448 4.835837 4.830531 4.818084 4.794797 4.763918 4.733339 4.710873 4.698738 4.693898 4.692278 4.690176 4.687055 4.68397
4.887336 4.884023 4.882117 4.88255 4.884244 4.886159 4.885602 4.882926 4.87895 4.875023 4.872689 4.872152 4.873263 4.873209 4.871586 4.867818 4.861889 4.854482 4.85051 4.857777 4.879921 4.909887 4.936569 4.951292 4.955438 4.953424 4.949758 4.945752 4.9417 4.937809 4.934056 4.930271 4.926142 4.921792 4.917562 4.913535 4.909554 4.905461 4.901415 4.897441 4.893515 4.889555 4.885571 4.881515 4.877195 4.872432 4.867199 4.862018 4.857327 4.853334 4.849599 4.845991 4.841901 4.835028 4.82187 4.800629 4.774397 4.749599 4.731455 4.721858 4.718224 4.717493 4.716233 4.71402 4.712072
4.898639 4.893667 4.889949 4.887461 4.885817 4.884673 4.882443 4.879159 4.875148 4.871195 4.868618 4.867649 4.868605 4.869117 4.8687 4.865731 4.860069 4.852162 4.846529 4.849987 4.866872 4.893254 4.920197 4.938781 4.947375 4.948446 4.946093 4.942465 4.938506 4.934711 4.931016 4.927174 4.92297 4.918793 4.915111 4.911346 4.907132 4.902511 4.898263 4.894404 4.890616 4.886717 4.882778 4.878847 4.874907 4.870936 4.86692 4.862905 4.858935 4.855037 4.851165 4.847207 4.842107 4.833706 4.819716 4.801062 4.781334 4.765705 4.755678 4.751532 4.750387 4.750667 4.749757 4.747728 4.745704
4.904138 4.898226 4.893904 4.890036 4.886672 4.88384 4.880865 4.877237 4.872912 4.868259 4.864465 4.861886 4.861554 4.862117 4.862999 4.861326 4.857055 4.850666 4.845704 4.846024 4.855464 4.87413 4.897801 4.919253 4.933752 4.940291 4.941135 4.938821 4.93527 4.931638 4.928062 4.924328 4.920321 4.916615 4.913659 4.909802 4.904829 4.899255 4.894849 4.891273 4.887686 4.883868 4.879955 4.87605 4.872151 4.868259 4.864374 4.860497 4.856627 4.852764 4.848908 4.844943 4.839644 4.831025 4.817307 4.801007 4.786443 4.778638 4.776485 4.778085 4.779394 4.779979 4.778645 4.776248 4.77354
4.908573 4.903215 4.899189 4.895096 4.891495 4.888551 4.885891 4.882023 4.876493 4.869528 4.862995 4.857783 4.855492 4.855298 4.856442 4.855852 4.853999 4.851518 4.849726 4.848459 4.84979 4.857456 4.873194 4.893697 4.913073 4.926593 4.933137 4.934067 4.931853 4.928636 4.925178 4.921547 4.917857 4.914789 4.912822 4.908266 4.90208 4.89525 4.891138 4.888127 4.884738 4.881009 4.877122 4.873242 4.869369 4.865501 4.861641 4.857788 4.853942 4.850103 4.846272 4.842375 4.837344 4.82953 4.8174 4.803654 4.792554 4.788877 4.790653 4.794708 4.796468 4.796056 4.793637 4.790572 4.787259
4.922298 4.918959 4.915166 4.910697 4.907073 4.904669 4.902842 4.898623 4.890902 4.879809 4.868565 4.859073 4.853558 4.851282 4.851002 4.850088 4.849715 4.851215 4.853969 4.853908 4.850031 4.847021 4.851689 4.865924 4.886061 4.905388 4.91927 4.92602 4.92722 4.92542 4.922328 4.91874 4.915283 4.912792 4.911875 4.90602 4.898824 4.890804 4.887662 4.885087 4.881806 4.878138 4.874278 4.870424 4.866575 4.862733 4.858898 4.855069 4.851247 4.847432 4.843634 4.839888 4.835527 4.829481 4.820482 4.81025 4.801703 4.798563 4.799541 4.802114 4.802535 4.800881 4.797683 4.79418 4.790549
4.951527 4.950924 4.947086 4.941724 4.937307 4.934436 4.932311 4.927102 4.917014 4.901714 4.885228 4.870578 4.860734 4.854968 4.851217 4.847471 4.845441 4.847793 4.853275 4.855826 4.851069 4.84168 4.836187 4.840753 4.856262 4.877141 4.897249 4.911375 4.918692 4.920459 4.918889 4.915594 4.912307 4.910194 4.910199 4.902547 4.893862 4.886833 4.884505 4.882146 4.878904 4.87533 4.871548 4.86773 4.863893 4.860054 4.856234 4.852417 4.848591 4.844769 4.841004 4.837404 4.833576 4.828936 4.822724 4.815842 4.809718 4.806257 4.804864 4.804279 4.80256 4.799715 4.796107 4.792428 4.788747
4.988465 4.988857 4.984143 4.977504 4.971723 4.967511 4.964197 4.958197 4.947434 4.930862 4.911882 4.893893 4.880528 4.87149 4.86377 4.855 4.846756 4.843501 4.845703 4.848159 4.844521 4.834122 4.823631 4.820297 4.828609 4.846093 4.868096 4.887785 4.901956 4.909438 4.91202 4.911365 4.909652 4.907401 4.904188 4.895729 4.887702 4.883747 4.881717 4.879236 4.876064 4.872676 4.868998 4.865139 4.861231 4.857367 4.853583 4.849797 4.845943 4.842087 4.838368 4.834896 4.831341 4.827356 4.822668 4.817839 4.813349 4.809705 4.806642 4.803849 4.80077 4.797365 4.793711 4.790042 4.786382
5.020715 5.019794 5.013708 5.005893 4.998689 4.992787 4.987876 4.981604 4.972157 4.958029 4.941005 4.923872 4.910089 4.899601 4.888731 4.874386 4.857513 4.844006 4.83704 4.834759 4.830994 4.822651 4.812373 4.805521 4.80731 4.818497 4.83771 4.859221 4.877764 4.888473 4.891354 4.888446 4.884833 4.884397 4.884189 4.884613 4.8822 4.881386 4.878972 4.876303 4.873234 4.870032 4.866401 4.86237 4.858337 4.854501 4.850862 4.847173 4.843274 4.839351 4.835665 4.832241 4.828688 4.824717 4.82044 4.816425 4.812778 4.809333 4.805808 4.802208 4.798589 4.794951 4.791305 4.787681 4.784067
5.037651 5.033755 5.026279 5.017811 5.009941 5.003264 4.997736 4.992113 4.985157 4.975473 4.963425 4.950592 4.939399 4.929905 4.918614 4.902145 4.879726 4.855792 4.835361 4.822782 4.815272 4.809201 4.801882 4.795668 4.794211 4.799969 4.814441 4.834139 4.852613 4.861699 4.859334 4.848255 4.837908 4.840845 4.854522 4.871405 4.878614 4.879242 4.876411 4.87346 4.870415 4.867212 4.863456 4.859192 4.855081 4.851383 4.847969 4.844429 4.840525 4.836554 4.8329 4.829483 4.825885 4.821845 4.817674 4.813889 4.810423 4.807026 4.803461 4.799829 4.79622 4.792614 4.789031 4.785486 4.781943
5.041706 5.035773 5.027836 5.019283 5.011285 5.004582 4.999121 4.994009 4.988616 4.981796 4.97344 4.964036 4.955387 4.948189 4.939644 4.926174 4.903645 4.873231 4.840559 4.817348 4.804956 4.800126 4.795233 4.790475 4.788111 4.791389 4.803291 4.821248 4.836527 4.839398 4.827591 4.807638 4.7909 4.795715 4.819163 4.850646 4.868943 4.874955 4.873635 4.870937 4.867673 4.864202 4.860254 4.855891 4.851822 4.848284 4.845051 4.841621 4.837738 4.833731 4.83008 4.826646 4.823043 4.819065 4.815071 4.811437 4.807998 4.80457 4.801037 4.797519 4.794037 4.79053 4.787045 4.783644 4.78019
5.039691 5.032967 5.025017 5.016521 5.008615 5.002359 4.997381 4.9925 4.987606 4.97942 4.968968 4.956428 4.947063 4.940882 4.936893 4.93139 4.922047 4.895432 4.855133 4.81839 4.799266 4.795528 4.792088 4.788634 4.78748 4.791807 4.804259 4.820903 4.831751 4.828926 4.811586 4.788868 4.769313 4.771073 4.790569 4.823289 4.846269 4.859442 4.862626 4.863174 4.861879 4.85976 4.856622 4.852777 4.848915 4.845394 4.842174 4.838797 4.835032 4.831031 4.827343 4.823873 4.82027 4.816389 4.812546 4.809001 4.805595 4.802195 4.79882 4.795543 4.792364 4.789114 4.785765 4.782466 4.779001
5.037567 5.031987 5.025829 5.017615 5.007561 5.001497 4.996703 4.989582 4.984076 4.969768 4.951133 4.928811 4.916291 4.909824 4.908298 4.90711 4.911278 4.898134 4.862013 4.819773 4.79735 4.793988 4.79147 4.788684 4.789166 4.796557 4.810911 4.826158 4.830844 4.823714 4.806313 4.789705 4.774481 4.770674 4.77592 4.7949 4.813993 4.83085 4.839666 4.84563 4.849013 4.850966 4.850574 4.847991 4.844021 4.839441 4.834885 4.830748 4.827394 4.82491 4.822876 4.820505 4.817317 4.813628 4.809981 4.80656 4.803277 4.800064 4.797059 4.794188 4.791387 4.788395 4.785095 4.781852 4.778271
5.036793 5.031762 5.026462 5.018501 5.006555 5.000695 4.996077 4.987466 4.982052 4.944531 4.9117 4.882755 4.872455 4.866273 4.864421 4.863051 4.875766 4.882574 4.874113 4.822733 4.795773 4.793274 4.791606 4.790022 4.792911 4.803812 4.817481 4.827567 4.82356 4.813896 4.80022 4.791498 4.781615 4.774839 4.768432 4.771929 4.780367 4.794146 4.805705 4.817212 4.826778 4.834363 4.837769 4.836799 4.832278 4.825352 4.817438 4.810704 4.807323 4.808077 4.810962 4.812942 4.812592 4.810246 4.807289 4.804135 4.801149 4.798336 4.795857 4.793489 4.791178 4.788776 4.786013 4.782713 4.778033
5.036337 5.032736 5.031581 5.030427 -9999 -9999 -9999 4.976919 4.976453 4.903685 4.867383 4.844869 4.837449 4.832389 4.829189 4.82559 4.824278 4.822114 -9999 -9999 4.793914 4.792163 4.791791 4.790807 4.794539 4.813716 4.82038 4.820564 4.804577 4.794728 4.786679 4.786841 4.784534 4.779194 4.767704 4.760988 4.759708 4.766595 4.775329 4.787098 4.798949 4.809739 4.81577 4.815708 4.809857 4.799526 4.787251 4.777353 4.77389 4.778255 4.787371 4.7962 4.802293 4.80439 4.803956 4.801701 4.799261 4.797073 4.79528 4.793585 4.791837 4.789648 4.786583 4.783389 4.777827
-9999 -9999 -9999 -9999 -9999 -9999 -9999 -9999 -9999 4.822067 4.820357 4.819117 4.816366 4.813362 4.810436 4.80719 4.805968 4.804079 -9999 -9999 -9999 -9999 4.79297 4.79297 4.797252 4.821615 4.809463 4.798863 4.778316 4.771963 4.769807 4.774892 4.777478 4.774684 4.763726 4.754292 4.748664 4.750888 4.755487 4.763716 4.772149 4.780621 4.785619 4.785289 4.778805 4.76688 4.752929 4.742085 4.738834 4.744109 4.75555 4.768917 4.782115 4.791536 4.796573 4.797382 4.796528 4.795675 4.794818 4.793964 4.792689 4.790715 4.789139 4.788691 -9999
-9999 -9999 -9999 -9999 -9999 -9999 -9999 -9999 -9999 4.819133 4.814404 4.812554 4.809301 4.807291 4.80561 4.804295 4.803832 4.803233 -9999 -9999 -9999 -9999 -9999 -9999 -9999 4.852944 4.78564 4.773736 4.757679 4.754519 4.755177 4.76034 4.763827 4.762329 4.754264 4.746767 4.741759 4.742663 4.744385 4.748221 4.750926 4.754296 4.756264 4.755007 4.748761 4.737513 4.726007 4.718588 4.717342 4.720315 4.726576 4.736706 4.751927 4.76793 4.780472 4.787289 4.790408 4.792698 4.793784 4.794536 4.793936 4.793323 -9999 -9999 -9999
-9999 -9999 -9999 -9999 -9999 -9999 -9999 -9999 -9999 4.813852 4.809945 4.808669 4.806788 4.80555 4.804582 4.803698 4.80341 4.802968 -9999 -9999 -9999 -9999 -9999 -9999 -9999 -9999 4.748439 4.74687 4.745999 4.744698 4.745526 4.747659 4.748745 4.746543 4.740733 4.735799 4.73323 4.735242 4.736624 4.737523 4.7351 4.73314 4.732062 4.730722 4.726875 4.71893 4.712064 4.709302 4.710359 4.710248 4.70816 4.709354 4.719287 4.735973 4.75294 4.763069 4.765438 4.75857 4.74601 4.721574 4.696999 4.648338 -9999 -9999 -9999
