test/pop_merapi_prj_problem.asc
ncols        41
nrows        40
xllcorner    110.220512207064
yllcorner    -7.824137363604
cellsize     0.008992201219
NODATA_value  -9999
[rows 0 to 21 of 40, columns 0 to 40 of 41]
2902.6640625 11854.830078125 4781.39697265625 1619.0469970703125 2066.458984375 1459.6700439453125 1584.366943359375 1317.06396484375 1146.531982421875 1138.0340576171875 960.5963134765625 1466.906982421875 1537.7259521484375 1644.9859619140625 1354.6490478515625 1289.6240234375 1354.77001953125 1343.06005859375 975.9622802734375 1003.04498291015625 845.41412353515625 858.11590576171875 858.11590576171875 658.69818115234375 404.894195556640625 404.894195556640625 404.894195556640625 426.0762939453125 423.821014404296875 423.431396484375 423.561187744140625 621.822021484375 1057.133056640625 1168.3709716796875 1540.0389404296875 1736.1300048828125 2111.54296875 1913.094970703125 1142.925048828125 1274.7159423828125 896.35101318359375
11127.4501953125 11643.58984375 2323.43896484375 1651.425048828125 1917.239013671875 2489.52001953125 2754.5009765625 2676.780029296875 2083.931884765625 1702.39794921875 2404.091064453125 1883.8699951171875 1280.3719482421875 1073.8050537109375 1205.6429443359375 1115.8759765625 858.09649658203125 737.14599609375 776.073974609375 858.11590576171875 858.11590576171875 858.11590576171875 856.74169921875 581.5048828125 404.894195556640625 454.383514404296875 462.1370849609375 450.3380126953125 442.27850341796875 447.05218505859375 429.925506591796875 437.39239501953125 873.068115234375 1241.1600341796875 1212.406982421875 1224.93798828125 821.6815185546875 733.1624755859375 1062.625 1165.9100341796875 1172.56298828125
12093.25 5274.458984375 1608.0400390625 1995.261962890625 2247.178955078125 2818.77294921875 1618.1510009765625 1323.2020263671875 1655.18701171875 1534.970947265625 1286.5 965.88201904296875 725.57843017578125 590.28802490234375 610.71258544921875 701.11761474609375 733.42291259765625 744.47467041015625 814.4346923828125 865.4722900390625 858.11590576171875 858.11590576171875 833.83819580078125 842.613525390625 861.4208984375 677.94891357421875 695.424072265625 668.680908203125 652.548828125 604.8231201171875 528.4324951171875 476.979888916015625 1522.0589599609375 1499.35302734375 1395.5810546875 1209.8050537109375 957.57281494140625 966.5850830078125 1122.2490234375 1083.9959716796875 986.62078857421875
15051.349609375 3065.778076171875 1906.844970703125 1872.259033203125 1669.531005859375 1425.0830078125 902.5322265625 1061.5379638671875 1411.6639404296875 984.2396240234375 846.60107421875 698.3369140625 585.90771484375 601.20819091796875 691.21630859375 768.26568603515625 747.5228271484375 742.56402587890625 1432.0269775390625 1520.18896484375 1143.029052734375 824.89337158203125 791.91021728515625 811.774169921875 914.45147705078125 732.4525146484375 665.96368408203125 654.69427490234375 660.87451171875 695.18310546875 718.25299072265625 707.7506103515625 2027.698974609375 2307.0029296875 1782.6669921875 1202.3509521484375 1250.5400390625 1243.635986328125 1134.875 1115.9449462890625 1073.717041015625
13128.400390625 3445.006103515625 1544.1610107421875 1317.10595703125 1103.2679443359375 1451.053955078125 1398.4520263671875 1470.83203125 1037.178955078125 852.46600341796875 803.9337158203125 629.3018798828125 542.56268310546875 674.9774169921875 857.24627685546875 686.9293212890625 631.04791259765625 1324.8380126953125 1230.06103515625 346.096710205078125 341.549102783203125 420.493896484375 493.7998046875 708.03167724609375 827.69580078125 870.7982177734375 680.39862060546875 586.59429931640625 556.0535888671875 836.00238037109375 953.25848388671875 952.49267578125 1292.675048828125 2264.718017578125 1569.0419921875 1042.990966796875 896.989013671875 901.14801025390625 834.4124755859375 994.6884765625 1191.3929443359375
6450.630859375 2069.797119140625 945.82421875 964.28179931640625 1257.344970703125 1713.2650146484375 1750.927978515625 1736.3599853515625 1805.884033203125 1718.4659423828125 756.47918701171875 527.289794921875 700.555419921875 869.369873046875 1005.01300048828125 905.49407958984375 631.9329833984375 888.69207763671875 441.2799072265625 311.94989013671875 201.095703125 194.937103271484375 194.937103271484375 251.3264007568359375 683.87158203125 925.83087158203125 592.5570068359375 462.65869140625 475.0535888671875 562.2274169921875 849.8726806640625 1025.583984375 1013.0880126953125 1244.2449951171875 1442.987060546875 1463.343994140625 936.62628173828125 808.22802734375 866.04010009765625 889.146484375 973.73297119140625
3233.884033203125 2796.011962890625 1754.6390380859375 1166.7900390625 1347.60498046875 1465.781005859375 1540.9320068359375 1861.6629638671875 1303.112060546875 923.4605712890625 699.16680908203125 768.62420654296875 843.1456298828125 980.76361083984375 1208.1290283203125 929.11907958984375 798.9697265625 799.53192138671875 795.02752685546875 787.70758056640625 775.3192138671875 596.10577392578125 280.450897216796875 194.937103271484375 278.620697021484375 519.13970947265625 424.3328857421875 467.266510009765625 543.3306884765625 559.21337890625 694.5377197265625 803.931884765625 848.2230224609375 958.801025390625 1076.8289794921875 1123.2110595703125 933.2261962890625 819.12701416015625 834.53131103515625 889.146484375 889.146484375
2633.131103515625 2666.93798828125 2184.277099609375 989.363525390625 1089.5279541015625 1292.123046875 1062.3349609375 945.763427734375 921.31658935546875 900.94818115234375 868.65289306640625 973.87078857421875 1834.2939453125 1052.2449951171875 708.91937255859375 726.61029052734375 729.62567138671875 720.63812255859375 700.647705078125 639.94622802734375 578.8792724609375 433.2432861328125 207.6020050048828125 134.1963958740234375 363.62188720703125 404.894195556640625 408.085601806640625 331.95489501953125 349.370513916015625 410.370208740234375 459.725189208984375 558.43499755859375 626.61041259765625 901.73577880859375 937.08001708984375 866.74359130859375 821.14300537109375 875.69512939453125 845.734375 859.89947509765625 1968.343994140625
1989.3160400390625 1992.56103515625 1732.656982421875 753.082275390625 840.73876953125 919.4302978515625 889.513427734375 1032.9090576171875 977.1837158203125 1147.1619873046875 1424.4610595703125 2485.138916015625 2630.60302734375 1819.52001953125 876.97772216796875 821.80511474609375 968.21368408203125 225.063995361328125 62.6424407958984375 56.8900299072265625 56.8900299072265625 104.54470062255859375 118.16030120849609375 100.2639007568359375 189.62860107421875 324.529510498046875 280.74139404296875 296.6370849609375 291.857208251953125 289.808685302734375 275.407806396484375 286.982208251953125 501.57000732421875 634.3809814453125 759.78802490234375 821.5557861328125 889.83111572265625 1045.4000244140625 798.23291015625 767.28521728515625 1670.906005859375
2130.31298828125 2258.673095703125 1871.468017578125 902.19207763671875 1034.8990478515625 1055.7449951171875 1212.362060546875 1357.89404296875 1634.2530517578125 1727.637939453125 1541.5379638671875 1412.68896484375 1431.113037109375 1591.5340576171875 1621.3990478515625 1685.31201171875 1401.9969482421875 384.289886474609375 311.19329833984375 191.5211029052734375 161.276397705078125 281.1348876953125 280.947113037109375 302.82769775390625 483.161895751953125 483.110198974609375 310.85699462890625 231.5186004638671875 228.726104736328125 294.81610107421875 320.743896484375 299.94268798828125 416.601287841796875 540.78759765625 689.44378662109375 852.62200927734375 868.25518798828125 887.37042236328125 873.1727294921875 697.72979736328125 1043.5450439453125
2391.592041015625 2872.443115234375 1980.7230224609375 1539.2149658203125 1278.6939697265625 1512.6209716796875 1616.22900390625 2037.199951171875 2693.385009765625 1334 840.51422119140625 832.7528076171875 1174.9859619140625 1123.574951171875 1269.612060546875 1438.1429443359375 440.938201904296875 432.44281005859375 407.33758544921875 361.752410888671875 284.11151123046875 340.358795166015625 412.118896484375 524.476318359375 529.16632080078125 338.0697021484375 371.057586669921875 261.34478759765625 228.726104736328125 235.24200439453125 279.9224853515625 366.5889892578125 1000.28302001953125 1242.614013671875 1315.3060302734375 1091.9439697265625 822.7821044921875 810.14471435546875 576.0548095703125 577.74359130859375 1054.498046875
1708.3919677734375 2886.81298828125 3424.955078125 3726.64599609375 2545.90087890625 2603.33203125 2252.785888671875 2773.08203125 3099.64892578125 991.41357421875 544.54339599609375 504.27960205078125 502.337005615234375 607.10467529296875 757.24871826171875 805.90130615234375 706.2100830078125 473.588104248046875 303.383514404296875 429.055511474609375 352.420806884765625 473.2135009765625 527.1395263671875 544.62738037109375 437.513092041015625 352.989013671875 500.1724853515625 289.522003173828125 256.68499755859375 228.726104736328125 228.726104736328125 336.1339111328125 634.41131591796875 850.9625244140625 1107.904052734375 817.75048828125 786.20050048828125 817.75048828125 702.73089599609375 760.855224609375 888.39581298828125
1626.5040283203125 2659.633056640625 3302.612060546875 3347.69091796875 3786.530029296875 2294.12109375 3048.594970703125 3035.34912109375 3810.3720703125 647.44390869140625 638.13958740234375 473.088104248046875 498.95880126953125 698.96868896484375 895.4381103515625 558.05328369140625 508.622802734375 397.955810546875 426.159698486328125 377.27301025390625 513.48797607421875 552.96527099609375 530.688720703125 562.90838623046875 413.6068115234375 332.652099609375 565.1903076171875 414.373291015625 286.974090576171875 259.014892578125 250.4264068603515625 876.96160888671875 792.7667236328125 684.03240966796875 1098.050048828125 926.02252197265625 486.158599853515625 448.161285400390625 635.4052734375 674.082275390625 732.291015625
1740.824951171875 2330.0859375 2292.7099609375 5187.02001953125 1939.5479736328125 2403.4169921875 5240.35986328125 5289.0048828125 6209.93896484375 731.2177734375 752.73480224609375 752.73480224609375 993.75567626953125 1316.18701171875 1190.76904296875 986.23681640625 766.25738525390625 424.58331298828125 368.749603271484375 520.20037841796875 555.44049072265625 549.25262451171875 533.386474609375 595.12188720703125 533.69512939453125 328.53790283203125 482.868988037109375 549.0791015625 373.6055908203125 286.974090576171875 405.37420654296875 887.20721435546875 931.16802978515625 858.3433837890625 924.0015869140625 807.940673828125 756.22998046875 594.75421142578125 547.42889404296875 649.63427734375 735.21368408203125
1869.1929931640625 2164.5 3705.363037109375 1968.6739501953125 2062.720947265625 2502.58203125 3862.01708984375 4176.22705078125 2493.138916015625 1311.6190185546875 752.73480224609375 732.505126953125 838.41790771484375 729.32391357421875 555.7344970703125 552.55047607421875 459.871307373046875 408.17779541015625 706.93701171875 699.88238525390625 555.44049072265625 543.80731201171875 539.00689697265625 610.1046142578125 552.09747314453125 329.634490966796875 382.90411376953125 566.40948486328125 539.22430419921875 346.699188232421875 283.443603515625 317.62249755859375 670.3629150390625 872.47918701171875 682.6895751953125 630.29742431640625 765.1986083984375 718.5103759765625 637.33441162109375 693.72601318359375 1184.3609619140625
2778.06591796875 2552.4990234375 1757.8919677734375 1115.823974609375 2335.416015625 2540.552978515625 1360.385986328125 1746.1090087890625 3685.968994140625 3538.716064453125 584.15399169921875 530.2078857421875 1036.0660400390625 1625.885009765625 1726.9530029296875 1073.6240234375 582.0723876953125 844.78302001953125 813.3726806640625 774.68267822265625 555.44049072265625 538.11431884765625 544.62738037109375 578.6409912109375 485.848785400390625 333.767791748046875 344.709014892578125 581.1917724609375 544.646484375 500.433990478515625 285.991607666015625 283.40789794921875 631.12200927734375 806.60540771484375 581.77801513671875 582.68450927734375 802.83502197265625 688.4658203125 717.3355712890625 794.84002685546875 1396.6920166015625
2518.908935546875 1744.8050537109375 1070.4520263671875 1698.9580078125 2543.720947265625 862.93359375 844.70281982421875 1544.27099609375 2716.22412109375 3179.89306640625 361.488189697265625 1745.56005859375 2544.14306640625 1769.0989990234375 781.26861572265625 682.38677978515625 846.16650390625 836.50390625 813.3726806640625 741.15142822265625 554.94549560546875 534.17437744140625 552.9456787109375 613.1011962890625 478.48779296875 334.948699951171875 328.959686279296875 544.17547607421875 580.29150390625 581.4962158203125 890.36907958984375 812.7880859375 623.72088623046875 1438.2879638671875 672.271484375 574.440185546875 679.01788330078125 889.75592041015625 825.80810546875 1243.364990234375 1398.4229736328125
2082.4150390625 1189.4010009765625 1233.3389892578125 2366.988037109375 1267.8680419921875 1350.0460205078125 904.7437744140625 3807.783935546875 2791.096923828125 1834.8509521484375 424.23309326171875 561.6470947265625 1005.5269775390625 544.40301513671875 544.51617431640625 800.27142333984375 837.08587646484375 820.21392822265625 813.3726806640625 635.399169921875 547.76751708984375 538.10772705078125 554.6688232421875 688.01458740234375 577.86090087890625 334.948699951171875 330.309295654296875 501.81829833984375 624.52691650390625 621.2415771484375 1099.9019775390625 1143.06103515625 789.3009033203125 905.0908203125 863.4876708984375 529.40972900390625 581.32061767578125 993.20751953125 1442.927001953125 1719.6409912109375 2295.449951171875
1134.906005859375 1420.364013671875 843.7105712890625 724.8162841796875 1046.1209716796875 1376.322998046875 1139.7640380859375 3861.35302734375 1838.25 1197.739990234375 421.752685546875 321.87908935546875 504.997100830078125 913.34478759765625 843.96099853515625 842.02972412109375 823.4271240234375 815.34228515625 743.730712890625 555.44049072265625 535.63897705078125 544.8521728515625 578.6409912109375 716.60858154296875 690.059326171875 594.94537353515625 455.91461181640625 495.658294677734375 644.13299560546875 686.72998046875 720.72467041015625 778.62628173828125 782.47113037109375 706.3311767578125 481.787109375 525.211181640625 698.03857421875 861.28369140625 1528.5579833984375 1950.885986328125 2517.2509765625
1177.740966796875 1152.2860107421875 1085.20703125 834.63421630859375 1040.5870361328125 1145.9930419921875 1375.9610595703125 1499.2900390625 1996.1240234375 429.16070556640625 407.95208740234375 407.95208740234375 1315.4959716796875 1551.89404296875 930.757080078125 824.726806640625 844.2938232421875 813.3726806640625 724.2833251953125 641.551513671875 662.92950439453125 678.89129638671875 592.21002197265625 796.00750732421875 816.424072265625 816.424072265625 532.27581787109375 433.165985107421875 565.586181640625 673.44378662109375 665.27197265625 758.82373046875 666.4373779296875 586.9935302734375 497.258087158203125 492.76739501953125 549.8350830078125 882.34259033203125 1329.531982421875 2033.4429931640625 2474.468017578125
648.4141845703125 684.48211669921875 668.18572998046875 724.84661865234375 872.71478271484375 1230.282958984375 2049.114990234375 1699.5389404296875 932.587890625 453.99560546875 694.278076171875 1680.511962890625 2321.548095703125 2524.18310546875 1360.60498046875 823.73797607421875 912.3035888671875 892.2095947265625 930.08868408203125 604.0322265625 907.17840576171875 722.7938232421875 1087.261962890625 816.424072265625 816.424072265625 807.80181884765625 565.98297119140625 480.594512939453125 563.51910400390625 611.15911865234375 709.3251953125 842.8037109375 971.96771240234375 1146.5469970703125 854.689697265625 643.330322265625 763.9395751953125 792.986572265625 1507.1070556640625 1594.092041015625 1861.949951171875
610.123779296875 610.123779296875 610.123779296875 610.123779296875 637.37298583984375 989.2559814453125 962.489013671875 888.96807861328125 869.19512939453125 1209.2569580078125 1397.7650146484375 1442.9010009765625 2259.197998046875 2866.243896484375 1073.8409423828125 825.12188720703125 938.59661865234375 962.1217041015625 746.40521240234375 550.24658203125 1017.489990234375 1396.22802734375 1639.9110107421875 825.09228515625 816.424072265625 629.607421875 529.0133056640625 530.39361572265625 586.2376708984375 599.47857666015625 825.63818359375 866.981201171875 998.13897705078125 1096.8699951171875 977.3817138671875 856.03729248046875 854.7296142578125 748.5902099609375 1430.43701171875 1556.06005859375 1815.887939453125
