test/population_padang_2.asc
ncols         250
nrows         254
xllcorner     96.956
yllcorner     -5.5187329999999
cellsize      0.030741064
NODATA_value  -9999
[rows 168 to 188 of 254, columns 94 to 140 of 250]
50.120491688862 50.441077878690 50.538426342998 50.009964236782 50.095264104262 50.797859541496 50.613676328698 50.882116731731 50.409678329233 50.083407284015 50.449306324245 50.973399313814 50.074560374787 50.492631502511 50.008474625218 50.755557954784 50.799592222829 50.594841248078 50.526237433758 50.863617719518 50.527396723756 50.921897634380 50.254103853399 50.046004563263 50.295570645616 50.798676169518 50.555390735538 50.744620716171 50.685356071553 50.208262282932 50.273155726937 50.440107277951 50.996079918826 50.306498235163 50.333824827118 50.003914527889 50.592216550864 50.155326206373 50.846933887982 50.843836947171 50.163755363383 50.013047753696 50.352840438301 50.222420546365 50.084455684601 50.087543687740 50.993918981364
50.750767808385 50.467025732193 50.133735714383 50.852610435357 50.394988318519 50.256535209656 50.856544119991 50.926712781798 50.001048221505 50.162995910162 50.957742405092 50.500186153653 50.356306844251 50.233682013824 50.362942994868 50.326977747839 50.233752550341 50.386367696394 50.274741799081 50.949396481373 50.067469153549 50.691337323002 50.994964452332 50.640589959220 50.618101091243 50.524461851118 50.632749196509 50.802418490319 50.940638213456 50.344506816359 50.095016308976 50.996964175427 50.381783080323 50.406555436722 50.138355706385 50.045366177835 50.093310807991 50.650808930262 50.280461130795 50.617211069843 50.388805825282 50.323227202496 50.803633918726 50.647231019941 50.352846842143 50.784711616367 50.606339219305
50.965252393633 50.264692247022 50.227306645629 50.308223433671 50.678002678909 50.359830535627 50.179063891800 50.953285866760 50.674279897244 50.026172260267 50.448444657134 50.589535931302 50.206070720857 50.153730172229 50.689644289986 50.732495422898 50.369947450785 50.610251351171 50.230589965312 50.383236481545 50.302564019972 50.796299310962 50.446642255951 50.510186471362 50.182479195903 50.319553853399 50.090565915001 50.688128623183 50.790944105758 50.571035428073 50.224997730200 50.414735042795 50.851588717588 50.856754383247 50.239228853551 50.882870046093 50.392721868244 50.350996408925 50.401842724941 50.733260630479 50.153095481689 50.290788990350 50.435595723753 50.340884958505 50.133144664916 50.591053259538 50.927006429986
50.866735524891 50.890156937386 50.256529567729 50.908527746586 50.153420089674 50.808529622597 50.504528396529 50.062521302595 50.461382491721 50.322413033167 50.069190258073 50.732301616576 50.403204456651 50.718162140110 50.404637282309 50.029375951225 50.317433912570 50.016158418839 50.311587322466 50.093471349993 50.493999480160 50.837247330870 50.055288204602 50.561797910383 50.212147070832 50.838202784959 50.670896740107 50.351530336638 50.146228423129 50.833643930070 50.137905067733 50.512687838856 50.956350275093 50.476679981056 50.971077060058 50.069665774525 50.895624928398 50.101132254208 50.716853646954 50.140525297563 50.052722401627 50.115126611294 50.144185962227 50.684897841658 50.463797414645 50.320737063173 50.876344485823
50.879763854906 50.050406254857 50.317389883018 50.458349976150 50.065262234476 50.566247310561 50.711513916505 50.907780153517 50.957661041906 50.204696706890 50.191142533455 50.995503658327 50.361199402898 50.600565688569 50.236857619193 50.108581223447 50.885708745194 50.516811289918 50.365666929354 50.198964597524 50.668417396823 50.047049816798 50.696427308041 50.281449176545 50.806352671514 50.061058637257 50.030778921687 50.534497803979 50.758809987007 50.948031511241 50.187896235135 50.151867388035 50.184167745258 50.503894063989 50.971043804409 50.594611069559 50.500574039548 50.356041148265 50.850838946633 50.985902172138 50.692328535548 50.850278046601 50.311935382029 50.900032248906 50.094997354367 50.626913840884 50.088238499394
50.173660069091 50.449142313934 50.132984022475 50.328644719443 50.106373532668 50.782076127638 50.230820007463 50.868570326525 50.386580800833 50.527398684966 50.557162461599 50.952011139375 50.786782315986 50.514160656005 50.956744405642 50.878327688976 50.027933028954 50.540454443277 50.994546279382 50.360875780344 50.996312444590 50.856471086425 50.237662575014 50.678728330355 50.108718738318 50.205266785984 50.557882088151 50.300911954205 50.407433421284 50.546193309282 50.152870346621 50.453804169339 50.277026373911 50.681806061087 50.806947996894 50.340664390646 50.913200317272 50.662958059708 50.445356738972 50.671762184623 50.068349985120 50.978898525634 50.126514388750 50.320337434609 50.714264419822 50.903350438520 50.282832877868
50.287731413939 50.895461850054 50.163999807075 50.991286007862 50.096460518232 50.487805337050 50.807886068797 50.011051009567 50.260176034764 50.033912064870 50.947085510366 50.004613525697 50.545364457338 50.841558404437 50.246547465125 50.328427472990 50.630184994159 50.937570814198 50.152972879290 50.924142385597 50.635410869273 50.403042594781 50.299688766595 50.626863259017 50.677312105688 50.284192059038 50.990818726957 50.977472698396 50.362170299405 50.892825138481 50.277901786269 50.962781693494 50.181519164837 50.278805948710 50.923073803861 50.914058335679 50.160404072265 50.148762937494 50.713297897222 50.892157968916 50.571015367172 50.531102999667 50.839704999578 50.300776044041 50.367434903078 50.258894429314 50.054229400269
50.851303134296 50.911232191774 50.271218309153 50.813539440377 50.395889102322 50.441565841086 50.578897980935 50.240952837651 50.208078960449 50.157564533764 50.615027132912 50.890283487514 50.709715353680 50.283671668315 50.038071032167 50.981539952537 50.232338319217 50.939416250084 50.832394739821 50.439073042303 50.771094111009 50.563159878182 50.256047748007 50.708945101765 50.194884595662 50.732999788361 50.265357620112 50.442657304212 50.899354195020 50.802754958041 50.671274238985 50.024772976108 50.935658244108 50.820627536845 50.682245001742 50.663918389676 50.293251152762 50.730182065796 50.888344682325 50.244490158118 50.949732159879 50.551894462434 50.446196819267 50.094172743015 50.763047055839 50.392276158309 50.150242764368
50.462560152311 50.159799047565 50.345231654485 50.295060817964 50.985170436112 50.337946202660 50.978460072767 50.929979247250 50.634650999066 50.603880669701 50.813711129269 50.243885859181 50.524975936299 50.500974045967 50.263305919725 50.592181426002 50.712965103064 50.417585472789 50.273750945236 50.377115769287 50.258546483555 50.012703474847 50.087146199422 50.615366633868 50.371789583314 50.570368365541 50.328694522439 50.283780047429 50.457343746643 50.143365938994 50.106809965232 50.001147172358 50.679307690663 50.997898210434 50.644004808954 50.273430533474 50.836462921738 50.496482317761 50.631345700229 50.616282683654 50.108830278555 50.536583420350 50.098663075095 50.203561079590 50.475516010279 50.196698677536 50.749899621601
50.997156944139 50.584351349766 50.202977301641 50.875883738414 50.568953649976 50.054781831847 50.888329589689 50.460175524759 50.354340226610 50.579206734410 50.564580199282 50.086881019631 50.583983357137 50.106867105803 50.807070387511 50.259506562905 50.075888363286 50.293192800491 50.912694589380 50.474801578986 50.198884290298 50.785373031755 50.567422721604 50.449571754559 50.539717752858 50.623925388377 50.998424552779 50.676443470493 50.166898642597 50.409395865575 50.493791334318 50.531622237139 50.343854388469 50.751779609342 50.496749261313 50.393602883656 50.786409823082 50.469733368816 50.986712636663 50.424904988483 50.566359556745 50.326070075493 50.942333565256 50.970152832712 50.567744699483 50.819600139556 50.399918678074
50.281093013502 50.446912306840 50.071520446402 50.316912026624 50.282273796783 50.692342507780 50.763848144401 50.447747580336 50.135370254232 50.540351365807 50.537843628948 50.897529246350 50.220331976078 50.327915987249 50.796613414127 50.352292517075 50.970328365980 50.006106832830 50.471703206777 50.084639058606 50.238630482735 50.485541234668 50.266136634018 50.727486793933 50.251138421062 50.256718979829 50.661814750721 50.471245697994 50.344455816105 50.175208788633 50.062788215315 50.787633642560 50.480763871412 50.932642528720 50.991873666256 50.156928152168 50.922552355721 50.571394622400 50.173872581220 50.386161438920 50.132095597774 50.552049722001 50.962624301618 50.643376095437 50.280743132305 50.056821184843 50.699505885992
50.358178618761 50.973417633625 50.873480758607 50.959782310614 50.668623027493 50.017721643020 50.883260933638 50.071533321755 50.216726990882 50.956205898805 50.009011567632 50.899069431165 50.682590509668 50.656717656405 50.126833910747 50.487401733039 50.404117701891 50.350835701123 50.986114975065 50.477895531856 50.519193991544 50.331839839189 50.032024819544 50.984814249622 50.719149789977 50.169569651025 50.219353194942 50.752203460397 50.050395005122 50.516662168456 50.534194052501 50.243199416354 50.494341185573 50.712046946397 50.724071481582 50.748747447490 50.211842774987 50.641322195315 50.628088747062 50.898947101136 50.111254322145 50.179304894176 50.275108572899 50.409598711336 50.150585324447 50.453866270880 50.087789924530
50.740006969269 50.777111995067 50.151874973351 50.928594807677 50.619356724109 50.421418436256 50.326172069810 50.502910587389 50.606093084430 50.630891974276 50.288769619950 50.260162945905 50.334189253362 50.876775260351 50.128315312851 50.276684666174 50.830685779269 50.501351380185 50.087278310683 50.771286305726 50.618687803811 50.524252111764 50.640086761602 50.534476059600 50.321164202486 50.239346659413 50.568487619140 50.290036487228 50.093586236171 50.025556940212 50.549415368898 50.916705970447 50.378104358751 50.643917982394 50.379903702872 50.036115096819 50.356172980760 50.266497930475 50.684624313773 50.844466539692 50.803367223376 50.533658934240 50.844331318066 50.226396826029 50.220903566230 50.247606833149 50.663085210933
50.546619757631 50.955967493930 50.794285660662 50.496139730404 50.915462921635 50.881375832684 50.723128057440 50.380775367843 50.443801672421 50.600108527934 50.654967458598 50.745648332481 50.689491496509 50.762102771007 50.065220777667 50.802066779772 50.285844680067 50.084951978010 50.603705394825 50.149806218038 50.099881913131 50.796325994112 50.600901914607 50.779881634652 50.037638529122 50.091034781487 50.351927556300 50.759272410658 50.163680811734 50.782596347153 50.835701801904 50.578540873350 50.433355293020 50.925971701245 50.079561370602 50.979775314589 50.692218902275 50.495364975959 50.167537171310 50.545260412164 50.895541763483 50.235470456378 50.879177422561 50.619522625226 50.668554599765 50.371578033242 50.388027245112
50.571447465633 50.236986118004 50.946366462557 50.491759668985 50.207402351673 50.001480482196 50.463190367114 50.349152934420 50.480427079548 50.047951291140 50.871807619365 50.398377637931 50.975102570518 50.811853780165 50.829965121793 50.265913916345 50.014999629480 50.176474452701 50.038331368990 50.303555942222 50.406239896613 50.668552434818 50.191066283486 50.991527969221 50.811861228535 50.854844127463 50.043714859358 50.701550867281 50.631816879923 50.637881939609 50.456995654040 50.840661759991 50.897662207868 50.760681911950 50.732587302636 50.505566145497 50.931174212829 50.861286935750 50.149075670128 50.799056667702 50.290104577400 50.451401224082 50.625005004667 50.858083697649 50.255421650602 50.158079823870 50.434635108885
50.073852592342 50.063710799361 50.351434719117 50.992204957415 50.050989257631 50.500702776509 50.739966551362 50.006571669073 50.886996187025 50.225661574667 50.712922989158 50.688066781908 50.705726991794 50.478320949946 50.586604402143 50.190355871675 50.576058892372 50.642324736043 50.293856005035 50.984892458350 50.971186368595 50.814567191025 50.687911994530 50.636587177960 50.045310459366 50.879460227797 50.902769997130 50.589010866120 50.743317245094 50.530822620644 50.654809550681 50.004377646794 50.316419823546 50.158005903155 50.513734531748 50.665266462791 50.432677715671 50.693086625622 50.142438909632 50.095856184380 50.565565076481 50.243516426260 50.461631728354 50.898058160370 50.102232254679 50.588915074618 50.794604201676
50.083239322169 50.229226718252 50.058924908978 50.394864827868 50.703058896020 50.754797061513 50.561249534192 50.769737587805 50.012599270616 50.358262386199 50.734041689571 50.002342120095 50.598974532002 50.284830351611 50.339316956666 50.743232899644 50.057562919452 50.929251555874 50.485322715687 50.396156881502 50.650546831178 50.939636829408 50.310483273679 50.273273627697 50.297524480685 50.691377713846 50.248823063022 50.290427052547 50.779221486008 50.133060252388 50.975025476249 50.650592308100 50.709805307288 50.847028667556 50.522347797799 50.540435033324 50.609870778868 50.516717438657 50.092643204221 50.343482452164 50.019829221253 50.855511899737 50.692734389621 50.601748300124 50.671490436904 50.555943133276 50.300597145188
50.197515675044 50.781421241262 50.921386804938 50.947273025188 50.159723058337 50.675507394590 50.411574971222 50.970747373779 50.578491267018 50.735943312210 50.753852124937 50.840440838557 50.171305479742 50.453458689381 50.757696416820 50.679532746286 50.604476224229 50.835983264848 50.168660037941 50.663702698030 50.782912146605 50.604253434864 50.426497713161 50.603079863968 50.303917509321 50.236390556150 50.034498488851 50.087412110774 50.520808340541 50.273619948659 50.721964487295 50.259606727859 50.798310232848 50.981352837666 50.814356154881 50.439140950855 50.687775011304 50.759234949985 50.917323787551 50.540423604045 50.304863166703 50.050706798904 50.314158690870 50.663592472547 50.189572199579 50.143858879022 50.385213835472
50.896807660456 50.964832058519 50.777154976220 50.091401601959 50.671057075387 50.181101797648 50.060425313308 50.365560931950 50.066439371509 50.527982628691 50.062609043273 50.791673710782 50.843018827737 50.287339720931 50.678121786244 50.700892679252 50.617179182812 50.339693268598 50.608930748511 50.771884649460 50.079982441167 50.440326276572 50.381517658352 50.636040354471 50.536385112965 50.615783651299 50.137272417747 50.223851508412 50.022421655359 50.966514226599 50.646655416084 50.729388906222 50.970115713182 50.486845798037 50.834622167360 50.398592440417 50.794831382318 50.098389591343 50.853294511830 50.444567426740 50.909104797698 50.192650058354 50.515959230115 50.445204877598 50.364699760155 50.979443283886 50.878944209242
50.673510903166 50.224704523778 50.249186491948 50.382746965833 50.068314750119 50.996022904924 50.500383208029 50.434834607066 50.292447141484 50.709631824645 50.778434207850 50.274211840162 50.489995404898 50.357382666711 50.270389094329 50.163978688406 50.782737024853 50.027105635289 50.504648823993 50.613809282566 50.480561157269 50.739888241012 50.624681677015 50.911085805764 50.120199151953 50.311366997057 50.250153755088 50.868586339590 50.599494001638 50.517662223103 50.043526181512 50.339188494191 50.531877554532 50.932632795728 50.946852518236 50.227509359880 50.866556994655 50.465874803861 50.357131779378 50.098429699819 50.593555137867 50.894120994654 50.345124039079 50.145313862160 50.543545713239 50.737109727255 50.904167919561
50.607341218650 50.884815112804 50.531702938595 50.730520319397 50.029747587283 50.891461272468 50.515676990106 50.870894641020 50.487009769309 50.495637561092 50.016632258530 50.847502730497 50.259602208270 50.613112399536 50.613664351405 50.385288231853 50.545023167523 50.229933426474 50.785649955602 50.177951744769 50.066519920838 50.254254319297 50.784547521250 50.615642307445 50.795266832543 50.451895690787 50.380230411839 50.202060546193 50.338166671929 50.498151757820 50.597167985536 50.148938134720 50.401046539068 50.532653832847 50.486553458731 50.324655798801 50.445044867805 50.742860700228 50.092065777813 50.612273416943 50.581542211601 50.776322732838 50.555927642818 50.579369382381 50.100167295558 50.106972356732 50.785361875885
