test/population_padang_2.asc
ncols         250
nrows         254
xllcorner     96.956
yllcorner     -5.5187329999999
cellsize      0.030741064
NODATA_value  -9999
[rows 189 to 209 of 254, columns 47 to 93 of 250]
50.504359780763 50.989806158452 50.541482588423 50.658331924693 50.989923506937 50.165267646441 50.075636685022 50.502564483127 50.608882731596 50.171378239917 50.156857287921 50.807891863333 50.490543801762 50.471680463239 50.782654328509 50.849498543568 50.901007402566 50.203891508110 50.678500674432 50.450747489082 50.093369825444 50.200925703695 50.104043976413 50.760616797029 50.813646068465 50.472985925187 50.088411146495 50.083156251606 50.390018609846 50.604571157184 50.085299466057 50.001492878177 50.060680020423 50.053771940058 50.613652364049 50.310554849653 50.565699092946 50.516101058838 50.992422077384 50.271983177165 50.163094648652 50.485870067918 50.232236664349 50.652937897366 50.117398673031 50.318291500749 50.948193914417
50.876483955314 50.323655454648 50.521406921805 50.283710125861 50.148359250361 50.079474156868 50.169957071780 50.531819449418 50.544556787196 50.830927547193 50.274550320652 50.909255061672 50.796324414387 50.399156110580 50.471943559213 50.654233377284 50.732045721121 50.555236972413 50.466504768524 50.904581695652 50.135473401596 50.637987234720 50.939679264053 50.938730474728 50.345685331495 50.718192062446 50.003731116966 50.455264600561 50.666083949578 50.590882364524 50.068314489277 50.219477841874 50.090750827468 50.148429188674 50.972009007946 50.960887846600 50.598466035295 50.696969731472 50.469759807594 50.655734994730 50.197888381152 50.315094262988 50.890080836405 50.065203224075 50.106180090864 50.668347742737 50.037085769220
50.908248818285 50.987420465084 50.941816575794 50.535614507734 50.851287667320 50.508894579291 50.671964612453 50.624002538761 50.753117743468 50.012830854156 50.315229098268 50.642812974262 50.184799114616 50.911111718012 50.796142303751 50.504257747592 50.615783068479 50.214116023895 50.658405065830 50.657064984369 50.810643081607 50.045329510098 50.734526167582 50.015316289514 50.828924078623 50.128004918082 50.797665353496 50.956195548005 50.954650335293 50.978606088807 50.968252874377 50.388089818893 50.805585641902 50.080528391325 50.856158915810 50.967880650157 50.565955435689 50.442552851656 50.464136941730 50.766101477554 50.937545733050 50.381384873534 50.567484062322 50.016337483032 50.391890371770 50.146785359830 50.533979782815
50.285203484333 50.613864765292 50.637501236488 50.060216072116 50.787180010527 50.093040262557 50.590129244280 50.964568497332 50.877259107150 50.466689640138 50.714036002448 50.628685522157 50.227784515151 50.428022249126 50.875647388455 50.368516059531 50.755188044470 50.549156722039 50.808349338924 50.143432380985 50.845292595808 50.720745666532 50.023259740471 50.064294493741 50.724963349992 50.950802582264 50.293663016899 50.508635911209 50.918578900495 50.275977088932 50.625075216616 50.724353985898 50.546980919566 50.711512738030 50.384891746645 50.854809327418 50.477749095302 50.176028375075 50.610400142960 50.910544085927 50.262384116946 50.018010467945 50.830344221603 50.520089402022 50.696743145147 50.278004048741 50.523724592000
50.132703661976 50.652081525715 50.718557554852 50.677427274797 50.524300977639 50.437859128848 50.667788317739 50.569174194009 50.893773611198 50.831623506790 50.571786584197 50.118471080264 50.849808373297 50.945084139664 50.672251562171 50.685249429019 50.284467185594 50.069769829919 50.856439235517 50.258496836585 50.102971861628 50.424304460498 50.108073314286 50.667291479388 50.337293776915 50.734839930219 50.711352356605 50.210308422131 50.368403918563 50.042786139788 50.770180394587 50.767101828106 50.895124242735 50.070019775969 50.273125572174 50.891713776716 50.340815685314 50.953757713903 50.959679787849 50.479011591396 50.040755892690 50.503631782071 50.167856268450 50.652348331546 50.888526964725 50.659415739726 50.086671201574
50.000132543545 50.601346094255 50.424441585983 50.922883102881 50.018838962243 50.311971481103 50.450259656562 50.577671953285 50.855831450381 50.900265758422 50.515193161917 50.918972361901 50.494287070468 50.404529284250 50.070382735692 50.099207515176 50.206249114577 50.860447514482 50.710877914025 50.791264715699 50.755896661112 50.515791060957 50.107345326276 50.562792355244 50.211463983877 50.618638060109 50.443497241117 50.998452982888 50.562901959263 50.870653354651 50.145388158429 50.240688559955 50.186858761589 50.524146823220 50.834462237870 50.338864187760 50.811710114265 50.021461627219 50.281957118870 50.874007851890 50.648823427746 50.126991991292 50.313985734500 50.394154496357 50.046203937224 50.542226902956 50.231740055768
50.317960710505 50.797794327790 50.248357586427 50.466638676985 50.263451715195 50.379150875535 50.791944304121 50.937487785256 50.683244278757 50.507053187458 50.577329950749 50.623981073246 50.985738675783 50.242496664977 50.124471905164 50.047646836967 50.652186212909 50.208382707322 50.263333615762 50.727379890179 50.321173753759 50.911280735712 50.281817324825 50.236514945880 50.339840122933 50.561629980028 50.296089033699 50.969910605737 50.800391488751 50.887844370504 50.313850037899 50.035478751526 50.832460573909 50.778167197626 50.492245305798 50.874849864240 50.798076994850 50.572797135586 50.933176809193 50.083073435797 50.386716058145 50.305174566419 50.576570730118 50.380635717127 50.292177571660 50.284094861756 50.383486326635
50.530107999981 50.610446566440 50.935987282396 50.368810167485 50.998589723415 50.995592367221 50.455798150979 50.061560212947 50.407614455578 50.838729531958 50.004942713422 50.257584904861 50.172226618045 50.872619211500 50.425366183349 50.869335914977 50.928119937981 50.238632095670 50.296107240124 50.823118525432 50.238237567057 50.749633768749 50.862780034494 50.892676056226 50.459291792738 50.227762630976 50.262062227839 50.673148170571 50.898317394115 50.371950580079 50.000655746152 50.952299352584 50.062639773421 50.071493804563 50.470744846029 50.269289451519 50.282244316597 50.995362720243 50.255145671881 50.674132804710 50.704543868142 50.256058502514 50.121669951444 50.369605262749 50.953748444824 50.976195598338 50.424719365239
50.829176120705 50.377238680709 50.802128402173 50.917393929268 50.710540617747 50.869492229396 50.894465072748 50.658996636625 50.047855291222 50.567656773449 50.352234712000 50.951303564634 50.950103063603 50.493988294188 50.782665768727 50.651867365864 50.804573514850 50.380585215279 50.185845249421 50.936302772522 50.839599928899 50.962074885669 50.109755239339 50.461608697244 50.528747296798 50.885068365914 50.275241910184 50.076505598360 50.924289856352 50.148873935385 50.559456588788 50.530484209985 50.600029557849 50.661345055063 50.145237615021 50.789888007199 50.212202789887 50.167775062978 50.782183774020 50.739877723464 50.069217854695 50.002291815246 50.668335526438 50.753130011826 50.760969658387 50.574578753320 50.773617662442
50.673583532306 50.174646608490 50.761633821858 50.011573036226 50.218090334789 50.947906559807 50.072556511477 50.099398103650 50.238427738426 50.773961150177 50.544734709613 50.046205759923 50.382335092322 50.423573848481 50.589146545218 50.610458701206 50.350436063102 50.287366391787 50.599376706570 50.191171592008 50.421444094810 50.757375036883 50.574089155908 50.605183777911 50.401205825761 50.514031908099 50.073701314090 50.211693475951 50.413089745677 50.169315241325 50.922122238346 50.160419748428 50.060072126608 50.434867311647 50.100290112107 50.559169349119 50.250499800202 50.505266569966 50.308060254377 50.384984549187 50.931033427704 50.772712775812 50.180552422979 50.611899893545 50.055770536090 50.727197130718 50.852967025478
50.913014498645 50.059914204658 50.061752839780 50.929235201901 50.641612687351 50.254304842122 50.635435252910 50.608668865394 50.013959185252 50.312720978208 50.092064053003 50.020927141680 50.447633358936 50.552366461019 50.472135906387 50.421945705249 50.270188405996 50.750523129422 50.778297442119 50.526943660708 50.659958771768 50.438088029272 50.921953095784 50.314501339667 50.751922206182 50.418641067393 50.792192249424 50.045757748573 50.203264922091 50.162822889016 50.445321821292 50.362753110207 50.233532910628 50.394183459841 50.302960357257 50.062152610940 50.213457051915 50.409371025790 50.271197270811 50.658925286704 50.254935149649 50.661798871106 50.177952806386 50.239151371390 50.028424312907 50.879309617123 50.945747307013
50.756141926442 50.152352644681 50.906653800099 50.693417540536 50.121068248387 50.048491632422 50.808621719424 50.804352282815 50.381699933629 50.107592461278 50.272323872915 50.088050127312 50.359891306906 50.248568987408 50.033788471312 50.503707374958 50.744617713124 50.318938971250 50.095766228092 50.280609960608 50.035778699212 50.455497175955 50.978371413105 50.134871134832 50.026938909868 50.775304498412 50.300424791026 50.505710446974 50.200031511771 50.595220624815 50.349265296811 50.277613680209 50.219706353145 50.604388524260 50.983454320262 50.608845770616 50.553586294661 50.938193549939 50.146624750791 50.019447566514 50.672497898423 50.397966331038 50.810207550378 50.925260141378 50.927070969656 50.662083464995 50.118233156698
50.168512427288 50.383418588029 50.655628124185 50.821237024807 50.556681340271 50.831838695092 50.321098324279 50.032315370824 50.907122966953 50.694582420993 50.590728015149 50.517842854730 50.144467011843 50.257158897599 50.180073535626 50.164140923376 50.722992110044 50.107369675337 50.409976448843 50.408387426794 50.740803062954 50.511582849213 50.904401413626 50.928122678876 50.374649450407 50.697213773573 50.050336576581 50.950159515339 50.002759398995 50.851465538187 50.513061254299 50.580703710120 50.259250380460 50.996317321008 50.077688493205 50.758937296288 50.525727507522 50.491572953682 50.983311030822 50.598289615772 50.252419660029 50.501051178488 50.057477462064 50.381886237179 50.370590280729 50.521801043340 50.187719143965
50.964015937707 50.013083867014 50.947949684175 50.857736890453 50.787968206544 50.688725578355 50.536071659553 50.521932951398 50.303595631262 50.741751248828 50.004627323954 50.878663782129 50.816638916199 50.209735425253 50.931819658789 50.093172129524 50.856720355874 50.806135868337 50.631245711201 50.239852907546 50.997566586687 50.233610094154 50.050672044705 50.957911113688 50.186681263476 50.990275373994 50.336091550352 50.577561126673 50.983550668959 50.044112831317 50.089281409499 50.640865920975 50.599285161743 50.127799567425 50.262521025862 50.957270112708 50.304843142103 50.702697331265 50.062759253009 50.334431464188 50.944450074253 50.612551084945 50.583256369704 50.373454933850 50.015833738843 50.254765954501 50.109122823572
50.348265950753 50.965373531079 50.545241930190 50.110576890289 50.414501925418 50.596021891944 50.866079957956 50.297647950774 50.867329904127 50.396930610525 50.030750735308 50.402179094135 50.181711489977 50.580623328858 50.590764009202 50.685324864522 50.918819323644 50.252058454471 50.765313364891 50.357555581776 50.384147276391 50.439686691027 50.412456318896 50.989271457946 50.371981919355 50.592910507639 50.862364084342 50.439446311753 50.920471845865 50.590111010332 50.763783474201 50.118886968499 50.694915398370 50.197994932877 50.362836669029 50.069262501324 50.833842612375 50.363681781370 50.746942062832 50.114053345213 50.326338740711 50.133072433876 50.704180552828 50.329775631003 50.503636243083 50.673679708391 50.454469065215
50.598487561933 50.318186884515 50.305318784953 50.704999404231 50.083664406061 50.214739790766 50.534216138527 50.660648166513 50.147172680336 50.346585733223 50.376707175169 50.561323323831 50.832972792588 50.835150872155 50.506335507400 50.142671298087 50.269008369165 50.503904852055 50.515606699960 50.164320991306 50.529256640954 50.144217788599 50.311647926530 50.222673759761 50.330847753006 50.156334190447 50.151861223131 50.602004090397 50.776118269033 50.247792524967 50.388393312002 50.031292317631 50.922127964309 50.887765316581 50.643342590957 50.217372055167 50.079578756314 50.349732168682 50.303084740486 50.667968845275 50.936759207346 50.283353859003 50.904099112288 50.903784216853 50.949154073529 50.859101168382 50.202173302581
50.731391705453 50.955603653434 50.088515984050 50.551666431231 50.587106720646 50.535169282982 50.793612134066 50.597717356281 50.309912600447 50.054358963314 50.165515310533 50.598155845918 50.406295642966 50.852659997387 50.218438856709 50.528711653269 50.688151779362 50.039850838791 50.046789353286 50.002529694478 50.784164248411 50.523388239375 50.423227146205 50.367960361285 50.018511884230 50.130790291602 50.309545770935 50.214546440402 50.794333204446 50.218488867424 50.147842395558 50.480834218024 50.655575466925 50.060168247140 50.096348242331 50.747564636699 50.400904967352 50.936465493259 50.686427417569 50.543054999655 50.261471665019 50.837400333016 50.289482326337 50.466116676039 50.932438273410 50.472530754811 50.283320315292
50.870816363254 50.028959717791 50.421534513753 50.520627790433 50.639266464024 50.055755557083 50.586233173299 50.061548876788 50.418244026858 50.374866402099 50.306224819501 50.075050856214 50.421450808814 50.643897083291 50.952051035940 50.003572773324 50.617997051690 50.624193754211 50.440639621832 50.406658027319 50.162200802415 50.403795235679 50.914799425827 50.713168316458 50.685230702362 50.170356979171 50.530871149134 50.672566870578 50.551649789567 50.728444993729 50.385067066462 50.154103301809 50.633643357560 50.083269602864 50.024684376281 50.670999846328 50.900003717998 50.724485976293 50.644601602195 50.177390744639 50.842273240737 50.865931228918 50.859909698216 50.508200516527 50.053706667375 50.912525275229 50.340157958868
50.333399437135 50.397178806733 50.367533367605 50.313731750190 50.125154731348 50.431049305283 50.881507006588 50.891163811881 50.210175701878 50.366856082017 50.269974486871 50.391490000469 50.533254182479 50.985007765368 50.362259513867 50.425057790935 50.071553472939 50.387441607689 50.781269083829 50.279617668833 50.901419515299 50.054963645711 50.284657920925 50.029266030045 50.672337943144 50.066019627901 50.539322839843 50.323857975251 50.711417359474 50.183081501658 50.272511408351 50.926600445516 50.401798139293 50.585833120116 50.311678645792 50.566936446404 50.874673201327 50.828941806581 50.118542429349 50.395927810588 50.650622413660 50.054758796881 50.409939005427 50.794728994039 50.914552119184 50.062496203242 50.610375650622
50.463042712596 50.277810016829 50.852528590674 50.161414920333 50.865261678105 50.190738233248 50.443176311942 50.953334131436 50.767454867738 50.284172863821 50.307209649310 50.354985127415 50.430317476657 50.978981934080 50.458546754703 50.224340905176 50.188398234989 50.308273849686 50.991145973916 50.177275520262 50.310288035466 50.364322176409 50.574950603357 50.596403775879 50.833036334892 50.375278501326 50.794497837875 50.634142806056 50.062612844305 50.106937643820 50.299247314077 50.412228892318 50.357841996705 50.037920690327 50.954205954956 50.148173958331 50.225211819253 50.488398669559 50.435627738012 50.492164202902 50.634536671642 50.493184540384 50.997988626940 50.135100320170 50.503753512013 50.487560095201 50.656671655336
50.166886711733 50.361853097379 50.983923978039 50.319727777916 50.487784285653 50.327775459739 50.093163898483 50.180876206380 50.242545724395 50.914388669534 50.584021930202 50.244788992598 50.002421307419 50.682626155323 50.830810137982 50.659942132313 50.335569468861 50.332049962381 50.849279003114 50.585657977063 50.679309314226 50.098575976270 50.806543936742 50.347654729159 50.436388160437 50.726358873972 50.060767684841 50.355580712276 50.061648647900 50.453107556571 50.011532826430 50.403843980044 50.453987599495 50.103532999704 50.905298438365 50.969520010051 50.234281467451 50.567664296093 50.280231721169 50.437883699654 50.298156797280 50.830148406829 50.616367737318 50.204995755419 50.191540020817 50.915068195173 50.979674668777
