test/population_padang_2.asc
ncols         250
nrows         254
xllcorner     96.956
yllcorner     -5.5187329999999
cellsize      0.030741064
NODATA_value  -9999
[rows 105 to 125 of 254, columns 188 to 234 of 250]
50.926232346569 50.328712251762 50.552534389218 50.730356155245 50.348600089005 50.743472585912 50.962878557752 50.734771032680 50.010649847225 50.047514509540 50.356390534966 50.603822174107 50.061985632158 50.989882842448 50.428131092960 50.437453170339 50.515441611895 50.949370243451 50.635356135293 50.662947609669 50.877032550594 50.859597965578 50.646954365159 50.550749043749 50.220187955364 50.102879856697 50.095425076397 50.535885653849 50.116868003226 50.940730108315 50.497014195483 50.909901349118 50.643661088667 50.730450427377 50.321317752389 50.837738347749 50.459595150845 50.472716382019 50.318918949631 50.025501124550 50.215425384914 50.979925092822 50.787790034366 50.731707993791 50.548054838104 50.740289720445 50.950052691877
50.627061472205 50.839227711741 50.758865775923 50.130325867421 50.082079686247 50.041753510651 50.389039482302 50.722426698959 50.011599765951 50.554334229496 50.163495931998 50.632186615231 50.575368119808 50.124420857593 50.044775522007 50.540442700433 50.241564848282 50.647537226254 50.624201853744 50.625626260048 50.837819953049 50.156497971420 50.947220126224 50.470767716292 50.611389055303 50.510698166584 50.223263105882 50.501694485543 50.348847634830 50.458116996004 50.645382211285 50.072986371616 50.423175435148 50.525658096409 50.135696485694 50.456535586188 50.260301697201 50.828935979368 50.981872097248 50.316853817742 50.033220269980 50.468104805550 50.025220628237 50.069229624761 50.918489693523 50.113408417272 50.834402532853
50.907342807031 50.527863554173 50.720139969829 50.123525377459 50.531452950577 50.613263288050 50.846025614183 50.686927942569 50.078019312431 50.056860932483 50.758699967607 50.748480990819 50.550765711062 50.892227333154 50.631706899388 50.806285839305 50.001728420246 50.038262459751 50.170430824411 50.467296285204 50.460897691099 50.356282475913 50.878353222701 50.481636200881 50.043961217092 50.105314245457 50.744832281365 50.195852301688 50.741147409936 50.875830958435 50.839797084661 50.405383982749 50.665674769709 50.695602279651 50.882714470818 50.081493802137 50.200470830447 50.884621337910 50.975073216192 50.355959218125 50.331161440241 50.088917137020 50.227829699462 50.922630985073 50.416244703416 50.103978165345 50.468764941971
50.697923428293 50.963200643060 50.149889849886 50.926948032835 50.646389542239 50.099992048463 50.096754550011 50.339209927393 50.322924342009 50.898756398683 50.829923234201 50.044838506471 50.799440812589 50.025089741145 50.065873126285 50.256364392048 50.384661874392 50.123355202520 50.975662632386 50.088048843102 50.154892974732 50.003634772426 50.739075414494 50.209137549855 50.074595527504 50.905137534152 50.438289793225 50.217729043214 50.566516271881 50.346137890456 50.651364808617 50.845468501127 50.921031492148 50.457134226444 50.108446848729 50.107590496070 50.245490800174 50.029403190714 50.401494987859 50.932940758251 50.294842094156 50.755147927261 50.969788138711 50.043834560622 50.015398098059 50.907537282857 50.675776762292
50.020664297601 50.973610525954 50.654764688393 50.514793423377 50.371008699992 50.253030783027 50.308446770772 50.497412127532 50.193869225184 50.523024016041 50.105752787006 50.453508790446 50.378435388053 50.441317447949 50.575310060401 50.520379809417 50.082648830955 50.293973863483 50.689790985492 50.685700864503 50.419497584647 50.870112656132 50.399841089688 50.666182512110 50.921404451065 50.914917764849 50.865343986771 50.618405178040 50.217793763075 50.244720584316 50.467450520642 50.472501935470 50.579825189371 50.381524136517 50.789707702437 50.982113087445 50.683107367001 50.287087617565 50.963307013283 50.273180522357 50.202445116252 50.549139714841 50.663870369435 50.485733597132 50.922874028154 50.520322598043 50.432866593585
50.172782896745 50.109355012632 50.548201367770 50.152439489709 50.596585525222 50.748928046014 50.265726388934 50.247711820178 50.338020195891 50.722995743688 50.345412258812 50.958647729253 50.534250510907 50.012700357824 50.162279912539 50.228470657322 50.510415316810 50.680998914337 50.274591154312 50.167809922665 50.679212208500 50.004837562656 50.378412236282 50.611420527449 50.653890264771 50.131151775237 50.093846747377 50.761970638865 50.575999307715 50.082275754921 50.259946354791 50.925965987153 50.142521641954 50.880797894682 50.591803405855 50.614596751034 50.649226280151 50.077766912904 50.111812515378 50.284710785621 50.234185137330 50.885755849543 50.228388970399 50.895858687154 50.470734427049 50.564986139642 50.470602147383
50.445208915487 50.637449255599 50.044009485870 50.888586539660 50.437267360151 50.148275477645 50.298472119992 50.580162564797 50.292697962298 50.139154910494 50.008713830479 50.404321275911 50.950082837954 50.688080237941 50.713797288937 50.830212370963 50.527107852925 50.644282796413 50.190815788254 50.834638055953 50.344602416097 50.798290554127 50.319389631370 50.980734472861 50.616459388761 50.226832932272 50.790202371214 50.112879308313 50.365146444833 50.764391118789 50.790263132486 50.691258397253 50.221414254100 50.654448134325 50.915046587022 50.280727372440 50.386443674962 50.988338617045 50.320289751601 50.356500993413 50.491744055285 50.266977131488 50.127606318842 50.612365219461 50.953482725367 50.476547438679 50.900855148667
50.039333904482 50.841935700397 50.270003406900 50.397781675331 50.183362616958 50.285863687722 50.216235389389 50.220194114716 50.793063108624 50.261740465543 50.623025851494 50.488656229513 50.121105671068 50.650942084132 50.375923478639 50.862183874488 50.893858708595 50.187649735136 50.514931955372 50.538606628068 50.159573837421 50.275292410829 50.206480034173 50.079963327995 50.663412295335 50.742942663601 50.686520209681 50.692189789904 50.877565465300 50.354532166165 50.139505029032 50.196922174747 50.607075299272 50.495081548286 50.828393772039 50.056652306120 50.980438625837 50.341601509062 50.997035544960 50.207515643955 50.664903518536 50.919423385034 50.733803313812 50.355160670941 50.155267416938 50.740314694378 50.685092592314
50.145824439861 50.812522173281 50.542239777951 50.286000456689 50.357815016969 50.040767423726 50.537418586290 50.557380531233 50.962488538347 50.254140463886 50.214815068299 50.418621345303 50.361260315189 50.545890058156 50.216742198348 50.575417518240 50.432072241575 50.416803601643 50.910917060232 50.687969958343 50.435795743140 50.038387944572 50.755790141832 50.612526295633 50.952250896391 50.202819307232 50.677495384108 50.059817033225 50.124396799296 50.251613981378 50.763131124851 50.541585184568 50.131168864746 50.834656286012 50.000758848247 50.393296649378 50.203390728050 50.153503451753 50.661960091275 50.849823769814 50.249014558603 50.267798641135 50.651091233747 50.436395964425 50.095004715820 50.450852140352 50.508858150837
50.695105927616 50.473880631339 50.259047023892 50.374769075432 50.925863221063 50.660120447185 50.639529317261 50.260803240190 50.368566500815 50.791984001919 50.130306212120 50.440491282923 50.144154618912 50.701144073680 50.941034191338 50.961446359120 50.545921486721 50.782348041460 50.815206696275 50.741402805922 50.196086993201 50.230291829073 50.952343983612 50.772454317254 50.260326861344 50.584024289939 50.324923222668 50.725013455549 50.079543022794 50.826821759663 50.766108696597 50.194077403104 50.739495165641 50.761898721592 50.659791200148 50.174774635270 50.642956941915 50.708709030306 50.409730555466 50.867304341258 50.140919760158 50.980026774149 50.340467028907 50.849179622790 50.210756290348 50.857409248324 50.034635424627
50.594152628820 50.240033427228 50.462760399131 50.307296161755 50.141845875700 50.509857701581 50.968849057901 50.040098922921 50.869033314847 50.894281480433 50.864755016733 50.924787703263 50.588725242952 50.228889237880 50.088182194166 50.397364772281 50.589718935218 50.112291674642 50.679920618484 50.546143314413 50.860327477137 50.639588920565 50.421864738808 50.280417192868 50.343351454529 50.119598304887 50.423042158254 50.251168265389 50.949934303933 50.305773701781 50.084561215420 50.264673421625 50.509818286244 50.987379285584 50.204790171061 50.390515585780 50.467552038026 50.280067225334 50.211268502947 50.556015346109 50.543705794492 50.083953300053 50.200783928631 50.081205921052 50.411262436647 50.364895648980 50.344066213973
50.499332193098 50.112852845729 50.491635135125 50.786186850168 50.990249984872 50.540303582246 50.155809819347 50.080258853093 50.222401386470 50.473126820963 50.188900004399 50.307753107459 50.545911394578 50.153222772295 50.109084684249 50.879110699963 50.930170899959 50.413806386179 50.851157167661 50.573818237990 50.277741099665 50.225955515531 50.877992350791 50.011239551676 50.656983924485 50.356711960565 50.008174413660 50.031963500544 50.596037884172 50.277875817837 50.199979684026 50.962867152529 50.372823643824 50.613019143557 50.880960426176 50.393845600307 50.439334348925 50.594244487624 50.953395206161 50.840918014676 50.100359982926 50.097338645871 50.541035312854 50.159211166331 50.076070290949 50.054355513720 50.379014313097
50.737543366603 50.212720704741 50.652385189359 50.738547456800 50.194498835844 50.593508186464 50.931830339407 50.835780553342 50.065160249977 50.599212009467 50.106189140637 50.557759237909 50.336007538977 50.155694903488 50.874454497384 50.036518437299 50.143647002862 50.776160594865 50.753557891731 50.403319662669 50.693980339358 50.111118769445 50.124515568476 50.118502653509 50.070520381526 50.143939096037 50.008191119615 50.617829662063 50.411348816881 50.757882226814 50.306348597036 50.254557072080 50.052982815065 50.139378244208 50.303832622446 50.187758842249 50.323775214497 50.240147367296 50.523297952298 50.544545024133 50.243801015829 50.655182471053 50.550051179932 50.890312498286 50.119732848542 50.934113643482 50.282664287265
50.301412248723 50.765665428000 50.367061436522 50.459511642882 50.393580220276 50.683193856051 50.939800987925 50.378811730527 50.647041823610 50.435731345405 50.492935108054 50.078196144647 50.294563063293 50.538006147934 50.760413752219 50.303405541954 50.022619045631 50.439151371655 50.661019293549 50.348902680844 50.337329013989 50.085012821412 50.740944699518 50.055118010030 50.332788001631 50.177271375428 50.593027000561 50.518971165453 50.994130207801 50.938045643334 50.540161524847 50.061514468880 50.964134540745 50.653653474452 50.097685032651 50.357278165928 50.686357671491 50.937041887768 50.937831740071 50.483864620988 50.071545367469 50.872739141510 50.321680829631 50.664741533599 50.177819739896 50.506551292344 50.409112246647
50.344608454250 50.342727113834 50.436204763347 50.801898513802 50.394107965587 50.325210653693 50.997468660859 50.485506933651 50.050089761403 50.475141578583 50.730426646118 50.950035793371 50.570170186152 50.078994481235 50.094358447973 50.366008579466 50.164964024693 50.388473402501 50.330229904891 50.190451435548 50.654086796174 50.566958887117 50.281106504601 50.748938716789 50.442390668863 50.070375374743 50.042826953131 50.012059219604 50.846877052304 50.715780992267 50.910052376485 50.327344581723 50.044187818002 50.728741646716 50.088642578571 50.298068639254 50.254580095628 50.149122277255 50.443394004739 50.637024787760 50.614751724398 50.232096376965 50.056161750464 50.236618908730 50.984093530577 50.935315124218 50.209788034074
50.687183960504 50.163660676523 50.422038556873 50.516768519205 50.059946065691 50.872412165219 50.488936095638 50.881871652021 50.652422014803 50.158243999925 50.870113060107 50.122059310737 50.802392210933 50.932696681788 50.598404381652 50.100119921455 50.907337481512 50.049865826469 50.473956319040 50.782389107597 50.443017807346 50.861714245639 50.372155212394 50.933561989286 50.446996196862 50.289763400663 50.097306708759 50.847864536455 50.660326799668 50.163022421345 50.365846494679 50.715548607675 50.939691302965 50.458289324739 50.359996146226 50.099994236932 50.128171558763 50.496540259777 50.084539600033 50.792033493845 50.078960559961 50.558793822089 50.635250086191 50.798938017992 50.622731700787 50.348807977686 50.122698328249
50.034250886784 50.451254771439 50.766331795880 50.061941215764 50.250290397837 50.009175656424 50.503708248512 50.976518759078 50.640298255291 50.294526799778 50.365814496715 50.376341793584 50.398225490660 50.147822891545 50.707926202557 50.142742160710 50.985118399916 50.088877800765 50.055141197060 50.652585668884 50.734299063063 50.126465880031 50.984423206715 50.038148339283 50.699244431887 50.630106969949 50.130366913792 50.372179849794 50.829291751750 50.651462699751 50.828204278084 50.049606164675 50.163291188818 50.255630800217 50.118987188559 50.559375764618 50.166392434100 50.760897355202 50.234492029534 50.803662932546 50.523332429195 50.995447411941 50.691447353718 50.735677512945 50.339365989412 50.673900613176 50.373514729820
50.444744725626 50.272203545716 50.959708203654 50.878673199100 50.505848125798 50.819583374175 50.883763405644 50.807971965924 50.648768236210 50.594997909475 50.575143944870 50.920965980224 50.688669607091 50.493898546626 50.479514891850 50.140129640598 50.249627406691 50.087513560951 50.248932514195 50.472616457669 50.509562319385 50.729468942206 50.723686745810 50.136516199228 50.199932604180 50.806008419691 50.644338881056 50.266226961629 50.278189090194 50.342627194203 50.266786596035 50.539828793144 50.997645036184 50.877264926407 50.522389807647 50.177903387736 50.018351774789 50.951031434356 50.758110750840 50.430610522614 50.494869651257 50.245850337075 50.168755828305 50.532091572095 50.846534750353 50.011008394113 50.908516764499
50.390224561400 50.507973748357 50.706754622035 50.261459735179 50.085863176327 50.594013225881 50.694086030108 50.524885991871 50.550669724502 50.808739409787 50.250146842362 50.938856155691 50.908717675726 50.867629523996 50.906189784227 50.923714362824 50.956571684197 50.175390865156 50.741244721193 50.626714120624 50.710560158462 50.188703471183 50.986198031371 50.180854003883 50.818980626701 50.231043397536 50.762648650996 50.795587688244 50.122037252846 50.293022815777 50.961310981995 50.586005921363 50.100793826322 50.691247802579 50.597492404577 50.134943281957 50.127359068218 50.241250220696 50.430752685619 50.687965654277 50.148944836007 50.280224744335 50.534675738137 50.092206700277 50.871445888317 50.677720899410 50.785493891632
50.712039217964 50.903632631697 50.761044328761 50.244234868743 50.821195262187 50.983902336954 50.122989616999 50.842787162615 50.200842610928 50.932253927959 50.879795068754 50.713212318750 50.113753404123 50.311780355851 50.091502702964 50.757145141553 50.718126510267 50.615052207231 50.083008307584 50.003379464588 50.467186387997 50.170185895662 50.613903247041 50.863102300738 50.597869599715 50.939227599522 50.870574788859 50.491392749898 50.314246104743 50.677898885497 50.894554915063 50.112957522807 50.824344885635 50.287698365000 50.584278972216 50.203379915344 50.216197925225 50.687390610631 50.600314009193 50.301543984316 50.309020566929 50.284651410307 50.978603216222 50.087741992650 50.852585546457 50.905131536751 50.403180948494
50.446505204549 50.443446540838 50.785369742347 50.001404349013 50.461859357421 50.284236809405 50.730718105366 50.633867738167 50.791713060162 50.588891742526 50.043576572409 50.486827726899 50.114368050184 50.035663879783 50.299739191627 50.835874704899 50.932152294666 50.657602295550 50.559538145443 50.815954043631 50.447628159836 50.165812700901 50.229608521067 50.365832625821 50.564022265206 50.170211331109 50.516569546232 50.772538811820 50.358981916648 50.425019850497 50.917059830730 50.948015776838 50.686199165549 50.695640392077 50.241639936932 50.011432997338 50.639561439863 50.016337487815 50.542020245756 50.001139134941 50.180290145160 50.045906557745 50.319475196593 50.506387879735 50.273467633639 50.249481094850 50.253474459708
