test/population_padang_2.asc
ncols         250
nrows         254
xllcorner     96.956
yllcorner     -5.5187329999999
cellsize      0.030741064
NODATA_value  -9999
[rows 42 to 62 of 254, columns 47 to 93 of 250]
50.621191657296 50.009023728721 50.803084003210 50.607605310564 50.376389436669 50.468100120596 50.676502886792 50.791083701519 50.474297337652 50.560081271921 50.794542469571 50.369181311324 50.491079509912 50.346714263904 50.077700782422 50.588252232814 50.509786857228 50.865061767470 50.918389180148 50.215654074025 50.160615906298 50.462018504125 50.563029474973 50.299516570122 50.915207000069 50.159313689260 50.620318819140 50.395169886846 50.914243391675 50.080135820884 50.994697439229 50.139274491001 50.750067727240 50.781343841536 50.334832175536 50.077138407232 50.177632055985 50.579426298378 50.047385288572 50.487378604941 50.970086967876 50.260709949112 50.860380670327 50.543031367313 50.176772112024 50.861983440581 50.883624008312
50.280341753275 50.169077127538 50.304403059930 50.776487807154 50.138015717118 50.593644658893 50.307075078822 50.705646703448 50.324237138742 50.281102520698 50.924433095877 50.120341122710 50.341777207793 50.015902991714 50.846593448102 50.363454795409 50.627348429656 50.357425088448 50.477350675772 50.146684565460 50.237215093795 50.984530452312 50.203872655612 50.872699031387 50.705798062713 50.944453176222 50.871124670624 50.891401767727 50.097525984746 50.145801508955 50.181152662049 50.901506971218 50.764551235232 50.316967910740 50.769546169833 50.419830604499 50.460800409235 50.948932339339 50.591363944302 50.420327292582 50.530717392586 50.020928423878 50.105004971441 50.162388932726 50.834776737929 50.168359144144 50.045630277786
50.197762634604 50.206387770952 50.342846208360 50.063481960111 50.653592386970 50.085334376789 50.348293550588 50.737876332989 50.460043815587 50.872199114563 50.466307715142 50.711912231935 50.962708737579 50.028783345585 50.337042967675 50.139885183620 50.800000906333 50.136276468351 50.180392438030 50.416301340868 50.611743375274 50.498440319588 50.375176843801 50.375082793555 50.133123451606 50.129839531534 50.588828183533 50.382262868208 50.864317899953 50.163045621569 50.460456134525 50.276281582677 50.975703249931 50.414421711994 50.646106822159 50.577641191556 50.723363805018 50.094901682357 50.992410768703 50.681237634244 50.340749393072 50.591732687308 50.760526236576 50.004774097368 50.675794779962 50.690505030780 50.492895815279
50.408386910747 50.901622188806 50.659341184260 50.591157019336 50.025491973631 50.497140759325 50.726499574168 50.138417771900 50.674174608734 50.845636604436 50.613565106067 50.957513757836 50.124944320969 50.849642272752 50.673993808562 50.116533721537 50.417769086107 50.805780409328 50.297037639463 50.877558291489 50.433721706699 50.988003909680 50.630855870322 50.798419579592 50.665466334995 50.227778466631 50.765590096170 50.445986295484 50.957797352861 50.538577935176 50.560741448699 50.943685430362 50.883578855146 50.087903222955 50.448022369953 50.841025382662 50.491873666872 50.915075561489 50.256436844678 50.994334541757 50.591881872763 50.039597370852 50.139112454818 50.545935029280 50.185443080728 50.848480659432 50.580433288344
50.362604572782 50.709139897417 50.038964487613 50.899757533232 50.233686346031 50.776898758063 50.107091998816 50.005490262106 50.574061870054 50.647978711094 50.410488860574 50.322288205734 50.208612260908 50.939559029286 50.104432752721 50.981217434069 50.054834431894 50.681124846687 50.829299473654 50.092958705668 50.607155314895 50.538099402281 50.515161518234 50.816787431318 50.375564946686 50.026746164553 50.747787764290 50.872385076890 50.865014056307 50.468961205104 50.656192827141 50.065041082583 50.640913644758 50.349375779722 50.940272725971 50.674350236522 50.561513294667 50.489936682129 50.106182213784 50.983075260560 50.891288336524 50.102684946252 50.607066780411 50.630658401448 50.611132847610 50.229517493433 50.948949088304
50.161901392904 50.131930049728 50.772142838783 50.509787994009 50.978782120362 50.133817922443 50.252499056194 50.738517570540 50.842825235947 50.723668530402 50.969224539040 50.788983788799 50.154970171141 50.762705769338 50.587365871172 50.541692349030 50.519144193651 50.431387116373 50.618123992904 50.929844942371 50.236655835136 50.132896493393 50.128801860190 50.999012957622 50.502441871123 50.890789147999 50.126251326637 50.885029374157 50.673897420779 50.265314338431 50.812219715498 50.550987699845 50.904587339506 50.129423561006 50.978591603490 50.811149753544 50.755446933707 50.333150412873 50.242819067805 50.998138149057 50.453465983989 50.361186962745 50.792711275613 50.393110587771 50.705151517050 50.124896385391 50.631653395422
50.893525483138 50.425204689342 50.690084579256 50.532834785650 50.943021444118 50.700194935136 50.438930682808 50.810786684258 50.075821527460 50.266740249623 50.653199934404 50.671485891572 50.807604865577 50.965802648902 50.114802921597 50.086509908439 50.134532135688 50.947115419019 50.663599541511 50.935837717518 50.933524933977 50.339203198159 50.829810121932 50.045088774673 50.399008690518 50.720900144658 50.636739922727 50.207787915388 50.556163993749 50.674538743111 50.776363668498 50.012119121125 50.810720654446 50.304327202839 50.492180873665 50.075853586776 50.968089029075 50.858339524584 50.322844929251 50.519905015011 50.694219687306 50.007933323917 50.211791667977 50.567483067371 50.028318997164 50.051182231712 50.472531083708
50.440476366659 50.661446714250 50.927245445494 50.798575636164 50.981063854302 50.830731114448 50.587179731500 50.564721516396 50.259849889013 50.121991028116 50.771409919807 50.109614340007 50.067366574162 50.492717577057 50.249345347125 50.256096227789 50.366974434645 50.951172736998 50.616203411816 50.265357934875 50.703408954785 50.729008316104 50.839440967004 50.236802667461 50.960435153662 50.204047817264 50.903567411729 50.795842622844 50.451354389417 50.124544528832 50.296572319283 50.140014835759 50.606039067197 50.946217354717 50.441688845310 50.571052826934 50.391172796136 50.026270186361 50.558107106446 50.664658798452 50.914876688048 50.464669231303 50.032050981331 50.083255473898 50.520869322396 50.639516353128 50.121585628245
50.670310019520 50.322383080983 50.062018584705 50.655095978368 50.066963965724 50.513147833933 50.307006568091 50.055682021291 50.687559066822 50.150852744781 50.415174840274 50.723962548128 50.490603177705 50.554943155189 50.414172719483 50.209775010836 50.696620887403 50.032080607318 50.261266724378 50.035678869710 50.675635257744 50.415643877704 50.323476487165 50.430905871019 50.115673645231 50.340586076517 50.333755943051 50.691429967091 50.329942772873 50.251765698456 50.180237132893 50.856040293323 50.857351842467 50.770128099543 50.797656329441 50.105905694945 50.651796458032 50.214779352784 50.296326005948 50.810481434309 50.111424739591 50.116755540859 50.803438301482 50.500919194687 50.259120488312 50.078211758883 50.279710704451
50.210426739318 50.597436790068 50.687466619742 50.463057825671 50.195257465047 50.004813810090 50.435469011350 50.323096406037 50.432499273481 50.667905929008 50.149070708808 50.882602098768 50.598418175498 50.652237175979 50.715466741055 50.314609803605 50.129583524717 50.276166759932 50.872498716650 50.466467218379 50.393635814325 50.924721431759 50.158390361445 50.847239986153 50.561219129813 50.596289879585 50.490888003113 50.620176269381 50.087931171818 50.589169729269 50.841914500843 50.638669603867 50.156899350931 50.821307287538 50.120493777679 50.715489520193 50.051884400587 50.484713434000 50.708678961559 50.227261490176 50.223433801447 50.718533205035 50.039307019242 50.086074683215 50.508215998561 50.770704060113 50.769213362500
50.471146230276 50.210647153318 50.725694886450 50.557317047715 50.423405961365 50.356711919340 50.310336376334 50.933614703164 50.323726473240 50.336550587636 50.494318775311 50.000493125684 50.365020173236 50.973129057874 50.869670580513 50.903751596102 50.785849529987 50.067753013133 50.005368127404 50.584379997192 50.647503736779 50.070291646437 50.857177804946 50.386435238256 50.467225691937 50.612485440395 50.225383933376 50.404717363140 50.331576500930 50.351098128311 50.654456077148 50.829883639659 50.323412834299 50.114782531012 50.827361155801 50.317614767120 50.893008361337 50.898762230312 50.435821853524 50.671166302786 50.488185976396 50.667564616290 50.740999695367 50.251993810337 50.973241087190 50.557130805301 50.750798039276
50.049913841549 50.189618227178 50.846529403286 50.743033643726 50.537076428868 50.973021728006 50.915968714766 50.852757845924 50.046072046026 50.617685248614 50.848694388607 50.101943588786 50.688558911069 50.903729654703 50.815427904751 50.520696307127 50.050308973596 50.826949301724 50.365255291862 50.726742793899 50.449255150534 50.379395562878 50.317448139780 50.122806907989 50.158936914099 50.065747476957 50.764011331586 50.146061045488 50.847955971093 50.522773859256 50.607937880815 50.699062327334 50.506473330586 50.203310651904 50.746287405711 50.688586017165 50.888313674731 50.723290453193 50.846180037794 50.518565160669 50.798279861696 50.559202963933 50.339317886539 50.173028405175 50.818231653528 50.094064156096 50.018084500196
50.495931517705 50.208315555445 50.553800074016 50.514321677398 50.463277149043 50.144657628427 50.658419640390 50.686772701820 50.310353092408 50.775325616592 50.677785931430 50.370384028485 50.856907145310 50.025044733413 50.232449226705 50.162236010012 50.815615519701 50.396323445233 50.591971838400 50.333494369099 50.989971796830 50.565159017573 50.269635143579 50.915261853740 50.525197758460 50.176573358288 50.404791851629 50.046497698731 50.081606454321 50.335170711408 50.477455840914 50.139785674228 50.393267637172 50.592598263315 50.586822226312 50.876557849311 50.992116728465 50.869619891486 50.249080719119 50.241339981625 50.441075979842 50.567229109441 50.416090862172 50.032698094008 50.858761474236 50.728460679881 50.848456070569
50.269721194417 50.713345381915 50.842396744786 50.120782358493 50.625909395319 50.774765742406 50.176906544568 50.167237727486 50.426622732841 50.732936280103 50.445928229154 50.914689192961 50.900638468316 50.574323021635 50.346335232103 50.143612207513 50.866938862459 50.581176711612 50.924839059322 50.063682266727 50.093614812786 50.756591786234 50.860606296988 50.182327654386 50.319739835241 50.173449524555 50.960108032624 50.245682916413 50.139915630274 50.023535125378 50.611578903563 50.668936977881 50.280706603455 50.010691275756 50.302986912217 50.003207051211 50.383817982704 50.406973234199 50.821048200446 50.438359773701 50.169577395218 50.466629271184 50.193795870327 50.876491205247 50.896617280773 50.420108124927 50.902346611843
50.684174307763 50.252696410897 50.048918887789 50.268086670461 50.502559399775 50.360979298860 50.645103934722 50.679664293958 50.615571878010 50.736283558245 50.497077361000 50.998988798380 50.951495543147 50.729375751229 50.960612364005 50.064053075478 50.196896453654 50.343533779992 50.458004897588 50.891637497751 50.468374052169 50.733665562342 50.801219989661 50.590776863436 50.781342407145 50.856474701789 50.612394524861 50.172979087886 50.287279137737 50.401679638189 50.378281404819 50.466677688506 50.888469848497 50.271813176584 50.585087531498 50.429437411805 50.343243199558 50.094829715783 50.825671010418 50.622636383513 50.883101139467 50.370781511722 50.947056988641 50.057749358761 50.299504578306 50.670847395857 50.676039013462
50.747995619291 50.270015009688 50.758804444179 50.924859012551 50.791777049228 50.281578150850 50.035292728593 50.079568861801 50.243014654438 50.059900646691 50.156128141242 50.170493888057 50.900046823984 50.151670303861 50.301312799866 50.854645458624 50.607393801127 50.971209743582 50.424208224298 50.828962582350 50.693682230951 50.381244895745 50.262469758828 50.812350324728 50.062933905595 50.579538464124 50.353583471618 50.260138600244 50.828023861478 50.504683483895 50.866344205764 50.925948707637 50.305931525116 50.660901376287 50.574875696099 50.338935563141 50.708168266638 50.029436965280 50.255092210607 50.663283472967 50.028745927673 50.035046972936 50.135555935965 50.467589102874 50.880025095768 50.806677374996 50.040598257344
50.391641368887 50.481757359284 50.675999874116 50.589397306347 50.710351922744 50.543409504461 50.782606590841 50.561003764485 50.844716599734 50.227050611254 50.697865423779 50.172617331419 50.006536926602 50.049482424423 50.154196271404 50.974456785593 50.996679751886 50.603405805647 50.654961612064 50.372949582640 50.941818199036 50.904656414888 50.898853121754 50.261161147562 50.622343385510 50.201830831262 50.208462896408 50.956673482448 50.554792164816 50.129589379579 50.480263756636 50.885138266362 50.827062884426 50.200749943817 50.206471218568 50.785716026840 50.614858432223 50.514070145229 50.733641509379 50.653147493068 50.358803336260 50.864844961781 50.469374220442 50.607348251987 50.255213277098 50.889783228512 50.495419059477
50.558827045705 50.220673729582 50.874429094310 50.539223418737 50.569404875609 50.407238592459 50.001803985253 50.459041822382 50.882797388090 50.466279469339 50.204691800496 50.103070408243 50.041932203236 50.534938684616 50.744436488973 50.929025103555 50.042374327460 50.667641149963 50.764236308414 50.765463166994 50.631511658819 50.193020657647 50.125889240431 50.985808374757 50.637053793090 50.675428067009 50.076715364906 50.608924532442 50.320372849204 50.612969398568 50.461017653488 50.706960937897 50.183115094483 50.685722449374 50.057104076445 50.771120435927 50.850030726354 50.500670278878 50.663838320615 50.919683129400 50.864228863739 50.960696007460 50.851338729234 50.357722252469 50.192148113110 50.668216328187 50.686580696833
50.732245614141 50.354664189148 50.330943235703 50.937265264691 50.157098778153 50.920303860125 50.384515328480 50.665067515124 50.928256135075 50.898957920892 50.677374610069 50.606147698295 50.870892177331 50.039868027768 50.282894819213 50.409520221274 50.138823003129 50.863325161148 50.379643566414 50.437400961066 50.617115987181 50.890348095003 50.856530667272 50.441256874107 50.081105224084 50.099468649464 50.585291075471 50.608558797960 50.779676473505 50.963455827279 50.301627115686 50.643402461659 50.851052390822 50.107285913106 50.229533685468 50.658449257994 50.943079219565 50.787398008466 50.785937314971 50.607155466950 50.735211050243 50.909970228164 50.246823386657 50.446281597093 50.186618434729 50.828956507210 50.036870556088
50.611621744657 50.637734017279 50.518499669460 50.255628958294 50.625603360323 50.356899308199 50.672467057454 50.434114442663 50.562633753754 50.544240637066 50.124508324888 50.411890152500 50.444400581676 50.499979746942 50.328839434106 50.901611220035 50.222953974091 50.420087048424 50.454068967068 50.518271713872 50.643528901807 50.258175695079 50.824722301542 50.225260738980 50.846314395230 50.004112178818 50.263759520401 50.250579386084 50.877420416312 50.089657134777 50.554695947409 50.256542505009 50.296070973712 50.446994972411 50.989017137112 50.390633960805 50.984125114517 50.816389747922 50.753804853349 50.056974873123 50.656002492433 50.755176776164 50.431395664540 50.796226419473 50.861107699118 50.968008641043 50.250573191509
50.581229664437 50.749754307661 50.453945205687 50.911900091597 50.925833323781 50.112509233229 50.039490600326 50.030702875937 50.302985684869 50.057136965037 50.595471508982 50.255782757875 50.442540532509 50.210334424527 50.001331899324 50.484497228782 50.583010477964 50.073411002208 50.643802012294 50.560188926906 50.151532736806 50.413657129776 50.453872896196 50.184718539437 50.861935992744 50.561701693321 50.583717282220 50.785001302866 50.570817684713 50.308662096713 50.575960272316 50.703547482370 50.031165494603 50.127039953137 50.806388797518 50.237947638918 50.902610232421 50.730267171772 50.997330365140 50.415280593487 50.496114117196 50.285810335273 50.994206976266 50.813764985984 50.444598958683 50.749571606490 50.316444939511
