test/shakemap_padang_20090930.asc
ncols         250
nrows         254
xllcorner     96.956
yllcorner     -5.5187329999999
cellsize      0.030741064
NODATA_value  -9999
[rows 140 to 167 of 254, columns 126 to 188 of 250]
6.094208 6.066357 6.008581 5.945234 5.92339 5.742992 5.562517 5.554658 5.503611 5.43305 5.430412 5.358776 5.325621 5.304025 5.242196 5.224187 5.177599 5.127083 5.119215 5.074675 5.023931 5.037134 4.979655 4.960201 4.946474 4.908035 4.90179 4.874892 4.860363 4.848536 4.819984 4.809299 4.795661 4.767584 4.762619 4.749251 4.718606 4.728439 4.700916 4.672107 4.708758 4.736027 4.73674 4.704147 4.69675 4.684196 4.660713 4.656803 4.636906 4.614693 4.60739 4.584694 4.564992 4.557139 4.53528 4.520353 4.507616 4.478766 4.468576 4.447758 4.426819 4.419695 4.391989
6.064632 6.046221 5.990411 5.936392 5.906381 5.74723 5.588991 5.567593 5.521831 5.448837 5.430401 5.352837 5.313898 5.265782 5.224756 5.203539 5.15186 5.123084 5.110413 5.068479 5.030651 5.035803 4.98713 4.966657 4.944722 4.907123 4.895069 4.870074 4.856174 4.837743 4.812646 4.804047 4.780207 4.763827 4.754739 4.73139 4.715701 4.707981 4.686452 4.669777 4.686263 4.711992 4.71667 4.67546 4.681423 4.665249 4.638639 4.645427 4.620719 4.604125 4.600586 4.576016 4.561634 4.551835 4.528588 4.518251 4.503035 4.474725 4.464155 4.44136 4.425252 4.416882 4.390336
6.027288 5.983801 5.938935 5.899017 5.840636 5.766485 5.702353 5.642704 5.594334 5.545142 5.456567 5.353578 5.285184 5.235361 5.184252 5.154634 5.124761 5.085975 5.087579 5.112702 5.119573 5.075212 5.044436 5.019274 4.959201 4.906961 4.879047 4.859303 4.833683 4.817488 4.799226 4.786116 4.768983 4.746476 4.7361 4.720746 4.701355 4.687722 4.671684 4.657488 4.652698 4.643962 4.634268 4.630105 4.610909 4.605266 4.593481 4.572906 4.578478 4.58615 4.578382 4.566074 4.549016 4.538577 4.520923 4.501822 4.487766 4.471831 4.453091 4.434381 4.413796 4.400519 4.384735
5.973302 5.950166 5.911977 5.86343 5.851673 5.778681 5.753093 5.715514 5.630891 5.667266 5.509717 5.297331 5.233138 5.207201 5.137876 5.12902 5.085849 5.032705 5.063482 5.149739 5.244065 5.112025 5.097911 5.102515 4.960296 4.875282 4.870656 4.841026 4.820152 4.80885 4.781885 4.77049 4.757641 4.725841 4.722854 4.703648 4.680802 4.678495 4.646633 4.63051 4.625945 4.595963 4.586852 4.590787 4.546778 4.562532 4.547888 4.491432 4.54435 4.574804 4.577855 4.557289 4.539545 4.535949 4.509331 4.49027 4.481625 4.458878 4.449753 4.431495 4.404177 4.398346 4.379511
5.939264 5.919351 5.874426 5.836236 5.812702 5.755276 5.725317 5.683723 5.612664 5.579538 5.461382 5.304718 5.228466 5.176584 5.12748 5.10332 5.063527 5.04176 5.041314 5.088219 5.125091 5.0587 5.040246 5.023013 4.937249 4.884677 4.859527 4.83176 4.811102 4.795048 4.776784 4.766389 4.753865 4.73972 4.730515 4.705691 4.684583 4.666727 4.645617 4.626733 4.613719 4.597453 4.588422 4.586365 4.573899 4.5723 4.556106 4.533233 4.544307 4.558605 4.560108 4.539656 4.529408 4.522049 4.499228 4.48458 4.471456 4.455194 4.441652 4.422329 4.403405 4.391888 4.372796
5.891259 5.853513 5.830903 5.78036 5.748259 5.720403 5.672808 5.636067 5.582409 5.52989 5.428084 5.25524 5.175051 5.141664 5.073378 5.04692 5.034766 5.000251 5.002201 4.998363 4.968091 4.974903 4.938983 4.917001 4.897746 4.851551 4.837875 4.816108 4.789376 4.781464 4.760723 4.750279 4.75812 4.779232 4.764251 4.709139 4.672279 4.659472 4.637403 4.613935 4.60373 4.581038 4.577716 4.594183 4.613144 4.60041 4.581889 4.578681 4.559835 4.549465 4.543911 4.527469 4.513019 4.502537 4.48876 4.473698 4.463385 4.446619 4.429491 4.414942 4.391973 4.380474 4.365515
5.838593 5.829222 5.794477 5.743651 5.736222 5.690176 5.649643 5.624176 5.557257 5.556383 5.427827 5.203401 5.135135 5.115498 5.042458 5.028638 5.005041 4.971365 4.970229 4.947418 4.92192 4.930763 4.894779 4.884215 4.869602 4.832313 4.825458 4.799576 4.780128 4.771116 4.747478 4.74102 4.755883 4.808918 4.794746 4.706885 4.652301 4.655671 4.62462 4.601617 4.600862 4.563818 4.556954 4.591722 4.641469 4.613866 4.580309 4.598021 4.557726 4.543735 4.552877 4.510735 4.505444 4.496656 4.473764 4.469484 4.456346 4.432677 4.429452 4.409009 4.383362 4.377484 4.357741
5.804528 5.77931 5.7413 5.712255 5.685884 5.64366 5.608876 5.561928 5.517306 5.461397 5.351595 5.220983 5.141242 5.084222 5.039761 5.012447 4.984325 4.96677 4.946053 4.930982 4.920114 4.905162 4.889021 4.871992 4.84441 4.822684 4.80143 4.784613 4.768413 4.755211 4.742016 4.732037 4.731977 4.741848 4.730894 4.704556 4.682912 4.667098 4.648201 4.624971 4.605154 4.573088 4.566415 4.579065 4.5904 4.577198 4.548422 4.534562 4.513284 4.49849 4.484766 4.467966 4.460514 4.451449 4.450425 4.450537 4.440462 4.426934 4.416484 4.397732 4.380616 4.36778 4.350212
5.745151 5.715324 5.697851 5.646348 5.62595 5.604767 5.553938 5.524975 5.459775 5.426383 5.333635 5.138755 5.053936 5.055669 4.996712 4.980478 4.960501 4.930691 4.924389 4.90261 4.88627 4.878986 4.85256 4.842505 4.827564 4.798682 4.78822 4.766542 4.751305 4.743639 4.717627 4.706379 4.706298 4.67996 4.680354 4.700142 4.729867 4.697201 4.672633 4.683466 4.620461 4.551709 4.537927 4.569959 4.600066 4.574363 4.504368 4.456649 4.46438 4.432058 4.409588 4.421282 4.381881 4.388114 4.426988 4.444329 4.43224 4.411678 4.401147 4.390509 4.367575 4.358985 4.342959
5.711092 5.703317 5.662247 5.620142 5.605884 5.556271 5.534429 5.501991 5.426739 5.419568 5.312839 5.117522 5.04246 5.050336 4.992815 4.978932 4.950885 4.924839 4.914274 4.889104 4.878028 4.860369 4.840391 4.832908 4.805708 4.789876 4.779811 4.75564 4.747916 4.73071 4.707758 4.699613 4.689804 4.667407 4.667614 4.686271 4.729351 4.690452 4.663697 4.686568 4.609255 4.544823 4.531005 4.551059 4.596211 4.560113 4.48469 4.446812 4.442231 4.410606 4.395259 4.394884 4.36539 4.372527 4.411716 4.441345 4.425561 4.402532 4.39805 4.38359 4.362895 4.355174 4.333122
5.665261 5.634844 5.605476 5.575552 5.537864 5.513431 5.474953 5.432482 5.391489 5.336872 5.251451 5.137422 5.06747 5.050762 5.042645 5.011677 4.962612 4.919571 4.895829 4.877877 4.856192 4.840515 4.82619 4.807808 4.792154 4.771187 4.757511 4.743248 4.72654 4.711191 4.695623 4.684202 4.671931 4.654003 4.647928 4.649626 4.641282 4.626664 4.611938 4.596837 4.573382 4.54257 4.523659 4.52232 4.511097 4.492489 4.46444 4.440551 4.421096 4.402911 4.387064 4.37706 4.363742 4.368868 4.394409 4.411506 4.406546 4.395455 4.387943 4.371992 4.358088 4.341432 4.327001
5.608949 5.581134 5.557053 5.51594 5.500096 5.462999 5.425564 5.406529 5.347435 5.32737 5.250783 5.059652 4.97767 5.050923 5.120162 5.098835 4.961552 4.884537 4.885978 4.856051 4.84064 4.824936 4.805073 4.798265 4.774556 4.752667 4.747468 4.724833 4.7103 4.701901 4.677459 4.669072 4.652007 4.627442 4.625166 4.611366 4.583109 4.589367 4.567911 4.543027 4.545074 4.508094 4.496548 4.490883 4.455842 4.458222 4.433116 4.411082 4.406593 4.379982 4.370208 4.358634 4.330717 4.338594 4.382627 4.417153 4.402308 4.384037 4.379582 4.363835 4.343885 4.337819 4.317141
5.571152 5.558059 5.514984 5.488623 5.472058 5.423449 5.4057 5.373979 5.317525 5.290965 5.211584 5.084238 5.024859 5.050285 5.084359 5.05758 4.956082 4.89472 4.875351 4.849366 4.829853 4.80924 4.794979 4.785846 4.760675 4.747623 4.735609 4.713322 4.70291 4.684669 4.667942 4.65931 4.636263 4.622838 4.61344 4.594037 4.584219 4.577092 4.557186 4.54263 4.529213 4.513661 4.502261 4.481178 4.458477 4.446939 4.42433 4.407163 4.386961 4.369798 4.36273 4.347363 4.334352 4.338485 4.368027 4.397371 4.387167 4.376907 4.372871 4.354344 4.339127 4.329853 4.309194
5.524427 5.491497 5.4701 5.42628 5.401607 5.381434 5.337991 5.316436 5.275752 5.226659 5.186069 5.135634 5.091074 5.062822 5.036119 5.007461 4.937464 4.87123 4.851127 4.830481 4.803532 4.791418 4.770232 4.757904 4.74538 4.724828 4.714084 4.698906 4.68103 4.66916 4.653121 4.635439 4.623488 4.603089 4.594572 4.580846 4.563779 4.556543 4.541029 4.524937 4.526572 4.53879 4.530693 4.483973 4.444704 4.429421 4.412637 4.39051 4.375361 4.355459 4.345099 4.338546 4.321889 4.327816 4.355134 4.374273 4.371465 4.360955 4.354829 4.343933 4.324534 4.313185 4.299387
5.475586 5.45986 5.429787 5.38347 5.377578 5.337226 5.301091 5.285063 5.232366 5.209924 5.175815 5.13133 5.126043 5.065397 5.0337 5.018773 4.915212 4.832247 4.835595 4.809938 4.789973 4.776539 4.75343 4.749056 4.72939 4.710609 4.703603 4.682293 4.669994 4.657949 4.633945 4.629456 4.610842 4.591026 4.586681 4.563315 4.550107 4.540911 4.516011 4.500511 4.515778 4.569416 4.57777 4.4759 4.422588 4.417452 4.39508 4.380004 4.367476 4.343895 4.339731 4.327678 4.304029 4.30833 4.34643 4.38896 4.363873 4.347745 4.349674 4.33244 4.312953 4.308859 4.289226
5.433836 5.415613 5.378666 5.354815 5.333935 5.291865 5.272377 5.23489 5.201018 5.170097 5.131928 5.101878 5.077098 5.032148 5.00534 4.973444 4.905604 4.846805 4.820658 4.800704 4.779595 4.759181 4.74502 4.733702 4.714184 4.702667 4.68508 4.669678 4.657401 4.640824 4.626684 4.614633 4.596068 4.583116 4.570926 4.550881 4.537199 4.524724 4.509959 4.499715 4.497674 4.512985 4.504959 4.456018 4.425499 4.404671 4.387342 4.370292 4.353935 4.339766 4.329319 4.313545 4.304944 4.30357 4.315312 4.333871 4.330762 4.331036 4.333755 4.320462 4.310483 4.299205 4.281265
5.370785 5.341811 5.334577 5.289168 5.269002 5.250062 5.201764 5.183991 5.15771 5.116485 5.09851 5.044949 5.018717 5.002363 4.971858 4.949859 4.884135 4.816761 4.804205 4.779233 4.755411 4.745216 4.722339 4.712301 4.700025 4.678265 4.669079 4.649798 4.63617 4.626148 4.604805 4.592952 4.582836 4.560296 4.551885 4.536835 4.516872 4.510269 4.490361 4.476326 4.474742 4.453705 4.443085 4.430234 4.401414 4.391507 4.370575 4.352227 4.343565 4.322166 4.311059 4.302534 4.281373 4.280724 4.280133 4.258001 4.282548 4.312532 4.322556 4.31295 4.295303 4.288764 4.273581
5.333203 5.327243 5.292606 5.258358 5.249772 5.210622 5.177747 5.160942 5.11287 5.09863 5.069776 5.021842 5.007313 4.97967 4.961023 4.94364 4.864139 4.797331 4.79763 4.764465 4.750541 4.735479 4.713147 4.705858 4.686681 4.669726 4.661259 4.637486 4.629427 4.616096 4.594 4.587829 4.571322 4.551527 4.544711 4.521297 4.509773 4.499392 4.478665 4.470196 4.459365 4.436627 4.429419 4.413718 4.391551 4.384028 4.357688 4.349458 4.335665 4.313525 4.307486 4.292397 4.272529 4.270112 4.258731 4.235609 4.260469 4.305359 4.325074 4.302701 4.288474 4.285551 4.265781
5.290282 5.266147 5.238012 5.214064 5.192098 5.158652 5.128151 5.10457 5.079011 5.053184 5.025965 5.001395 4.978619 4.942495 4.908047 4.876226 4.85726 4.828962 4.799072 4.766681 4.739662 4.71861 4.70313 4.687519 4.669636 4.652829 4.640013 4.626264 4.611832 4.598032 4.585416 4.573089 4.556145 4.542589 4.525861 4.512276 4.496195 4.482118 4.46797 4.457565 4.442912 4.429667 4.417087 4.399179 4.380846 4.36407 4.350067 4.335382 4.320312 4.30642 4.293417 4.276139 4.261346 4.256168 4.248046 4.242981 4.257607 4.28348 4.29583 4.287575 4.278724 4.271495 4.256063
5.231082 5.203297 5.194006 5.149758 5.133086 5.10571 5.070852 5.063281 5.031528 4.994728 4.993774 4.964632 4.949627 4.911024 4.819776 4.81389 4.843852 4.868463 4.827327 4.747531 4.713892 4.708785 4.679253 4.669479 4.651546 4.633677 4.627987 4.607182 4.591453 4.586557 4.567278 4.559562 4.541928 4.524023 4.517388 4.496748 4.480884 4.473835 4.450913 4.440331 4.429155 4.408012 4.400163 4.38015 4.363682 4.356381 4.334422 4.320737 4.312234 4.288733 4.279976 4.263419 4.244412 4.241563 4.232737 4.207571 4.234364 4.277468 4.295057 4.278638 4.263665 4.25986 4.24492
5.198215 5.186496 5.15747 5.124222 5.113385 5.073012 5.056841 5.042035 5.007145 4.991111 4.974194 4.949758 4.938841 4.893196 4.826312 4.819198 4.839995 4.858078 4.817566 4.744568 4.712789 4.69563 4.673064 4.661372 4.638956 4.628244 4.618116 4.597075 4.588295 4.575886 4.559169 4.552147 4.530155 4.517567 4.508738 4.485593 4.47715 4.463721 4.442531 4.434115 4.414778 4.399737 4.392183 4.37052 4.358955 4.34823 4.32647 4.317557 4.302976 4.2828 4.274015 4.25378 4.239867 4.233603 4.219537 4.209708 4.227887 4.265172 4.284667 4.266416 4.258239 4.255018 4.237202
5.149118 5.122873 5.104207 5.069235 5.049611 5.038584 5.010652 4.997264 4.983412 4.963116 4.947116 4.931913 4.91573 4.891293 4.864815 4.848113 4.838005 4.826131 4.791811 4.739078 4.70007 4.682354 4.656037 4.640466 4.625402 4.607548 4.596567 4.584849 4.570102 4.558266 4.544441 4.53135 4.516429 4.498028 4.486468 4.472704 4.454892 4.443434 4.428971 4.414014 4.401562 4.38461 4.373344 4.360228 4.34315 4.330577 4.316469 4.300446 4.287132 4.272224 4.255541 4.24336 4.225556 4.217976 4.212702 4.204049 4.218839 4.246394 4.260603 4.254795 4.245945 4.238497 4.228684
5.098181 5.080084 5.063168 5.026223 5.012564 5.000255 4.972811 4.972971 4.953985 4.940095 4.929859 4.913716 4.908817 4.884283 4.868661 4.863111 4.835895 4.838578 4.800739 4.712488 4.661274 4.669867 4.639963 4.629927 4.612594 4.590872 4.587949 4.568999 4.559994 4.547431 4.526743 4.519535 4.502461 4.481766 4.47813 4.456686 4.440232 4.432733 4.410976 4.400041 4.389608 4.373179 4.368245 4.347653 4.330484 4.325668 4.302073 4.290024 4.278206 4.256569 4.249527 4.232327 4.21172 4.211144 4.198852 4.180615 4.200056 4.246845 4.277949 4.243762 4.238289 4.23696 4.215127
5.06752 5.057449 5.029746 5.010906 4.99873 4.976795 4.966406 4.955482 4.936429 4.928248 4.912694 4.901687 4.891314 4.869917 4.859735 4.847209 4.826205 4.817771 4.783635 4.731336 4.690559 4.668143 4.63938 4.620303 4.599667 4.585033 4.574457 4.557059 4.548338 4.531572 4.516655 4.507288 4.488316 4.47583 4.465102 4.445416 4.433113 4.418693 4.403359 4.392855 4.376707 4.36478 4.35535 4.336151 4.325623 4.313773 4.29379 4.282257 4.265646 4.249641 4.239741 4.221674 4.208542 4.20155 4.187387 4.183521 4.191445 4.214873 4.235106 4.223467 4.226278 4.222984 4.205695
5.026508 4.998399 4.997936 4.973557 4.961464 4.955859 4.934503 4.927157 4.917089 4.900474 4.893989 4.876571 4.863747 4.855753 4.838102 4.829741 4.812572 4.794876 4.776129 4.750268 4.728102 4.680904 4.622155 4.601226 4.585941 4.563529 4.553905 4.542062 4.526629 4.516904 4.49621 4.484503 4.474442 4.45326 4.444514 4.43293 4.416716 4.406538 4.390515 4.37356 4.364834 4.344356 4.334499 4.324107 4.30733 4.298324 4.282032 4.265707 4.254656 4.234042 4.222576 4.211281 4.191351 4.182899 4.175725 4.163524 4.171532 4.166903 4.155584 4.189816 4.20693 4.206766 4.196452
4.987802 4.980099 4.97192 4.951842 4.94945 4.934337 4.9205 4.913723 4.898452 4.889755 4.878591 4.861386 4.859137 4.844138 4.82963 4.824541 4.801455 4.789161 4.772556 4.745984 4.756529 4.685749 4.606973 4.591284 4.574869 4.551233 4.543925 4.527804 4.519689 4.506412 4.483358 4.479187 4.461779 4.441554 4.436362 4.42023 4.409623 4.398612 4.375185 4.369647 4.354598 4.332877 4.327878 4.312556 4.299953 4.291364 4.27015 4.259804 4.24675 4.223811 4.219141 4.201788 4.181762 4.177958 4.16738 4.150939 4.155902 4.141191 4.11501 4.168681 4.201382 4.204043 4.187731
4.969258 4.959326 4.945669 4.936663 4.928486 4.912644 4.901185 4.890647 4.879586 4.869703 4.85746 4.847102 4.83813 4.823716 4.814697 4.804696 4.787782 4.771952 4.751146 4.73486 4.715899 4.666707 4.617294 4.584152 4.564073 4.539266 4.524651 4.513236 4.502079 4.487384 4.47396 4.462588 4.446065 4.434054 4.419199 4.406951 4.394043 4.380643 4.36762 4.355996 4.339948 4.327089 4.314958 4.299247 4.285161 4.272589 4.259454 4.246889 4.231834 4.218262 4.206545 4.190153 4.177866 4.166202 4.15605 4.148356 4.151751 4.156368 4.15726 4.169875 4.184319 4.186598 4.172911
4.9381 4.924091 4.923657 4.90842 4.902221 4.895766 4.87595 4.871024 4.856524 4.842682 4.839054 4.821856 4.812565 4.805961 4.787492 4.781176 4.767738 4.753943 4.742567 4.719244 4.710592 4.662769 4.580385 4.556113 4.550111 4.519033 4.512374 4.493983 4.481468 4.473975 4.452011 4.441895 4.434165 4.415089 4.407984 4.389865 4.374267 4.368256 4.3505 4.340252 4.329722 4.307992 4.30037 4.287276 4.265695 4.259866 4.243095 4.231133 4.222449 4.200548 4.191061 4.181555 4.163743 4.158581 4.1425 4.12677 4.140265 4.175579 4.202142 4.17537 4.178277 4.179033 4.159857
