test/shakemap_padang_20090930.asc
ncols         250
nrows         254
xllcorner     96.956
yllcorner     -5.5187329999999
cellsize      0.030741064
NODATA_value  -9999
[rows 112 to 139 of 254, columns 126 to 188 of 250]
6.724302 6.651446 6.587536 6.536086 6.484124 6.426979 6.369841 6.328051 6.282937 6.241678 6.209039 6.169199 6.133557 6.126793 6.114944 6.068164 6.019903 5.969886 5.921738 5.837904 5.778281 5.806479 5.851584 5.831796 5.779303 5.739758 5.698275 5.646972 5.600148 5.562583 5.514452 5.469457 5.417224 5.360369 5.307355 5.257421 5.198507 5.152465 5.104245 5.059207 5.021717 4.99072 4.958495 4.934844 4.904214 4.884306 4.862764 4.838561 4.816801 4.799284 4.779134 4.746579 4.721264 4.685389 4.632526 4.582962 4.56672 4.563723 4.548803 4.519497 4.487183 4.473099 4.479639
6.650915 6.602561 6.573353 6.492226 6.465138 6.404936 6.34665 6.32588 6.261435 6.212693 6.204045 6.128611 6.089046 6.079899 5.986957 5.971882 5.929823 5.823116 5.834934 5.763833 5.692114 5.767329 5.851069 5.864306 5.753156 5.746933 5.706392 5.623259 5.605858 5.551705 5.483563 5.464241 5.398413 5.339116 5.316413 5.238976 5.181688 5.156503 5.076522 5.04193 5.016498 4.971029 4.957575 4.929177 4.902005 4.891861 4.855415 4.839938 4.824944 4.795599 4.785713 4.754328 4.728181 4.709618 4.62987 4.548572 4.571172 4.59431 4.619566 4.54043 4.46279 4.452392 4.480491
6.631999 6.592236 6.532207 6.477177 6.449043 6.387329 6.341876 6.309092 6.255182 6.219081 6.193974 6.148283 6.105817 6.06524 5.992785 5.959346 5.899905 5.830248 5.804903 5.747481 5.709737 5.725112 5.793064 5.799439 5.707194 5.703389 5.650251 5.566814 5.561178 5.494636 5.462439 5.444437 5.382542 5.336338 5.302781 5.231223 5.18363 5.144252 5.074614 5.037799 5.006479 4.969521 4.952771 4.924426 4.902402 4.886559 4.858074 4.839212 4.819982 4.795669 4.781369 4.753663 4.726637 4.705757 4.644213 4.581525 4.587835 4.597083 4.599361 4.542025 4.475739 4.461843 4.478075
6.607514 6.561203 6.508639 6.449305 6.412043 6.368233 6.315306 6.28823 6.242177 6.196841 6.190322 6.225861 6.219598 6.09604 5.97482 5.930188 5.876639 5.809235 5.77408 5.729026 5.695108 5.684522 5.651185 5.625644 5.603522 5.525102 5.495162 5.455872 5.388005 5.400681 5.42257 5.402463 5.365725 5.31159 5.278222 5.220817 5.16257 5.120971 5.070272 5.026947 4.997105 4.961667 4.940821 4.919725 4.897232 4.877074 4.855403 4.833982 4.815189 4.795816 4.775448 4.750175 4.725111 4.702022 4.669386 4.644446 4.619453 4.606628 4.590038 4.540769 4.484239 4.464561 4.459054
6.565017 6.539831 6.49259 6.419975 6.406837 6.346627 6.292823 6.280091 6.213263 6.160099 6.181859 6.301479 6.398305 6.108232 5.920856 5.903134 5.839319 5.77176 5.762752 5.697155 5.63131 5.656076 5.554981 5.521998 5.530509 5.387048 5.412004 5.366276 5.230071 5.330595 5.407164 5.4243 5.346721 5.292531 5.280688 5.203154 5.150195 5.122415 5.047307 5.010243 4.991526 4.946799 4.93912 4.913809 4.890413 4.879823 4.84743 4.829999 4.81431 4.786824 4.778889 4.748216 4.720787 4.71379 4.68038 4.669717 4.64565 4.61781 4.618471 4.553453 4.45506 4.441639 4.448037
6.549458 6.514226 6.46199 6.412802 6.386577 6.335282 6.292496 6.264713 6.211206 6.176955 6.161097 6.200647 6.19606 6.058173 5.943313 5.882318 5.82941 5.77642 5.758395 5.737926 5.707356 5.688946 5.636792 5.588619 5.548133 5.475729 5.437271 5.375516 5.310877 5.330801 5.377003 5.374236 5.324839 5.289184 5.25207 5.188574 5.137459 5.093872 5.045481 5.008739 4.981264 4.951082 4.932254 4.908574 4.889496 4.867858 4.846219 4.826897 4.806334 4.786879 4.76852 4.745981 4.721564 4.705257 4.680966 4.662567 4.640118 4.61986 4.599087 4.556973 4.501606 4.479387 4.467902
6.51009 6.471855 6.439302 6.385219 6.355754 6.31847 6.25332 6.228447 6.187738 6.137332 6.117843 6.066946 6.017711 5.990298 5.897595 5.865878 5.807514 5.746934 5.759301 5.805767 5.853694 5.769463 5.733127 5.716523 5.610025 5.598519 5.525627 5.37261 5.264776 5.311587 5.357234 5.362085 5.312463 5.261232 5.233394 5.170137 5.118704 5.08361 5.02449 4.991708 4.975183 4.941826 4.926337 4.902943 4.8775 4.863527 4.840471 4.821059 4.802526 4.773928 4.759556 4.741117 4.717005 4.702536 4.678904 4.661166 4.641883 4.617734 4.601055 4.568657 4.540081 4.526536 4.499374
6.485765 6.468075 6.429314 6.364361 6.346758 6.307532 6.233356 6.226048 6.169249 6.105218 6.106437 6.030757 5.980846 5.962138 5.868577 5.852804 5.801837 5.718139 5.747694 5.832084 5.921047 5.785797 5.762195 5.76302 5.617035 5.642149 5.560472 5.342868 5.205428 5.286753 5.355608 5.375418 5.298841 5.250644 5.229481 5.149686 5.107936 5.074186 5.009142 4.989974 4.966261 4.933918 4.925787 4.897446 4.871408 4.861908 4.831618 4.819606 4.801812 4.768155 4.758368 4.736996 4.712378 4.703973 4.677412 4.659778 4.646697 4.614328 4.608192 4.576132 4.549377 4.541957 4.512845
6.467666 6.428399 6.393707 6.358986 6.333621 6.316406 6.299802 6.261256 6.181113 6.122096 6.098072 6.091855 6.051623 5.968246 5.881481 5.822939 5.783326 5.729945 5.73838 5.788018 5.801806 5.732162 5.661195 5.609865 5.55313 5.480424 5.438465 5.383863 5.334463 5.322714 5.328721 5.316741 5.270606 5.22435 5.179747 5.115263 5.050107 5.019644 5.001285 4.977066 4.952236 4.933345 4.914204 4.8914 4.86781 4.849946 4.830774 4.810715 4.790195 4.771053 4.753448 4.731059 4.712007 4.691417 4.673023 4.652439 4.634216 4.616256 4.595309 4.572435 4.554229 4.532175 4.511644
6.423985 6.393597 6.371183 6.304525 6.286013 6.331975 6.47286 6.39101 6.160693 6.048842 6.080508 6.167673 6.219799 6.001496 5.823615 5.799675 5.747527 5.680333 5.707159 5.79008 5.853913 5.710592 5.507703 5.455501 5.45752 5.323539 5.349782 5.396789 5.451614 5.370348 5.323509 5.320671 5.250803 5.200781 5.172702 5.057415 4.923687 4.963066 4.975751 4.968881 4.948836 4.917489 4.907575 4.882596 4.86234 4.851044 4.818902 4.800972 4.788332 4.75919 4.748265 4.729242 4.703142 4.693311 4.662971 4.641683 4.632066 4.603444 4.590466 4.574962 4.545058 4.535719 4.507109
6.402097 6.381223 6.346611 6.291356 6.275059 6.303161 6.43126 6.353222 6.14102 6.050869 6.061234 6.129968 6.173016 5.956313 5.815757 5.784282 5.727626 5.678027 5.685505 5.751045 5.812635 5.673895 5.507058 5.458782 5.438597 5.334182 5.341719 5.382499 5.429054 5.34675 5.289268 5.288849 5.207603 5.183513 5.15425 5.040359 4.936222 4.959373 4.966168 4.960085 4.939116 4.908399 4.901964 4.874976 4.858851 4.846251 4.815018 4.799759 4.783622 4.756311 4.744763 4.720605 4.700747 4.689029 4.658852 4.641729 4.627813 4.600452 4.587284 4.570569 4.544378 4.534667 4.50645
6.372895 6.331168 6.303092 6.266968 6.230757 6.22608 6.200252 6.165378 6.096971 6.028011 6.004194 5.986904 5.941494 5.87375 5.787726 5.738656 5.699411 5.644598 5.635158 5.629454 5.605952 5.594703 5.571804 5.539821 5.48765 5.440911 5.390565 5.317805 5.246984 5.223742 5.179498 5.14071 5.1397 5.130548 5.105479 5.05187 5.002434 4.980052 4.965109 4.942316 4.918278 4.898977 4.882824 4.866638 4.845293 4.832282 4.813343 4.793055 4.773385 4.753254 4.735473 4.713922 4.692709 4.67714 4.656323 4.635202 4.618095 4.599868 4.582141 4.562338 4.54115 4.523124 4.501966
6.335697 6.300162 6.27114 6.211164 6.192003 6.160006 6.088899 6.08991 6.029045 5.961307 5.954545 5.886018 5.842962 5.812846 5.731369 5.719996 5.659987 5.59211 5.592916 5.537107 5.474113 5.527881 5.632517 5.650091 5.504077 5.531998 5.463364 5.244641 5.093778 5.14061 5.060866 4.994967 5.081477 5.132421 5.121402 5.037109 5.018977 4.994424 4.951887 4.948431 4.910226 4.888225 4.884496 4.853226 4.83986 4.830843 4.801383 4.789946 4.771207 4.738937 4.72944 4.707456 4.681799 4.675781 4.648007 4.630065 4.619593 4.589314 4.579638 4.559318 4.533815 4.526583 4.496799
6.326891 6.284331 6.22944 6.196191 6.170522 6.123067 6.085651 6.053868 5.993125 5.957944 5.908103 5.859005 5.826718 5.776154 5.727156 5.692574 5.622173 5.592594 5.555934 5.515774 5.482816 5.487602 5.533886 5.527747 5.432292 5.437128 5.374499 5.244017 5.156772 5.13455 5.070654 5.029363 5.044569 5.071154 5.06324 5.009864 5.00009 4.965358 4.93159 4.916098 4.886478 4.867567 4.857583 4.837368 4.833413 4.820135 4.79653 4.783962 4.761865 4.736865 4.722607 4.700962 4.681587 4.667899 4.643927 4.62885 4.608265 4.588391 4.572265 4.552508 4.532396 4.517077 4.492432
6.297714 6.237393 6.197671 6.143917 6.120632 6.088461 6.033414 6.005924 5.958127 5.9092 5.873041 5.813104 5.775008 5.743347 5.683824 5.645677 5.596827 5.543007 5.522607 5.479987 5.427409 5.426742 5.377583 5.347075 5.32763 5.254457 5.251331 5.259595 5.263238 5.174529 5.045787 4.999738 5.004128 4.973249 4.959286 4.97614 4.97383 4.94483 4.886912 4.842003 4.84243 4.803661 4.790898 4.8141 4.816887 4.808962 4.788632 4.773137 4.754675 4.726969 4.711308 4.694214 4.670802 4.657743 4.637113 4.617435 4.600937 4.580827 4.561204 4.545982 4.52244 4.509832 4.48822
6.269694 6.210845 6.181859 6.119299 6.105399 6.048512 6.002599 5.980111 5.915709 5.879795 5.844831 5.774353 5.759386 5.708529 5.652967 5.636192 5.568716 5.520657 5.49384 5.428041 5.400347 5.377474 5.304121 5.287661 5.262115 5.171834 5.186762 5.248821 5.354095 5.185851 5.006302 4.965837 4.967042 4.916064 4.915865 4.954496 4.977729 4.941599 4.847602 4.793648 4.820477 4.760428 4.747793 4.801028 4.818006 4.807619 4.780423 4.76979 4.751695 4.718187 4.70956 4.688538 4.661318 4.654231 4.629739 4.610116 4.599905 4.569715 4.559821 4.541954 4.514358 4.508718 4.48407
6.285289 6.20249 6.145817 6.105919 6.06244 6.013566 5.979146 5.931755 5.889321 5.848919 5.803852 5.761925 5.725725 5.674849 5.635103 5.599108 5.543339 5.49684 5.453949 5.410406 5.379137 5.333694 5.293623 5.267895 5.225923 5.177147 5.151323 5.160516 5.165158 5.089193 5.012269 4.975482 4.956372 4.934986 4.918502 4.933236 4.940895 4.912621 4.871215 4.84246 4.827105 4.8021 4.793812 4.799033 4.800889 4.79135 4.775287 4.761443 4.74087 4.721308 4.701434 4.677868 4.659373 4.643837 4.62226 4.604295 4.589658 4.57164 4.554987 4.534809 4.515326 4.501128 4.481977
6.249533 6.140942 6.124282 6.050827 6.020107 5.983213 5.925079 5.902245 5.845761 5.804632 5.778878 5.713837 5.682103 5.649107 5.587976 5.565459 5.505393 5.460678 5.433478 5.369023 5.334314 5.30025 5.240357 5.216722 5.188537 5.119023 5.105556 5.065078 5.008745 5.018617 4.971778 4.945241 4.942547 4.894227 4.893826 4.913519 4.944561 4.9148 4.880773 4.882934 4.846666 4.833902 4.828721 4.80558 4.798424 4.786904 4.763994 4.751044 4.73755 4.707082 4.695475 4.672079 4.650352 4.638755 4.611959 4.600244 4.585791 4.561694 4.548544 4.532794 4.506676 4.496916 4.476246
6.235831 6.133698 6.106768 6.033989 6.005689 5.943892 5.908784 5.884348 5.819717 5.796429 5.756754 5.692348 5.671507 5.624385 5.572879 5.550186 5.481673 5.44909 5.416142 5.354749 5.328708 5.286918 5.218346 5.197559 5.14104 5.095971 5.083215 5.03421 4.990507 4.996624 4.961418 4.938826 4.930856 4.884073 4.882381 4.905375 4.942676 4.905631 4.870799 4.884776 4.838299 4.830882 4.829412 4.796346 4.796066 4.783498 4.75797 4.74911 4.72958 4.701781 4.693299 4.663384 4.643962 4.632633 4.603026 4.597193 4.581574 4.554716 4.547199 4.528319 4.503374 4.494404 4.468361
6.24731 6.129913 6.071146 6.02038 5.965758 5.912179 5.865184 5.830895 5.793111 5.749868 5.710181 5.669967 5.631928 5.586199 5.537721 5.498116 5.458844 5.417659 5.381517 5.342722 5.299818 5.2554 5.211128 5.161898 5.113594 5.070645 5.048462 5.02382 4.99394 4.988631 4.996429 4.983943 4.933148 4.892166 4.878709 4.87604 4.858421 4.847203 4.828859 4.811238 4.794642 4.779378 4.771162 4.777621 4.776784 4.768178 4.752861 4.737942 4.715362 4.69566 4.674907 4.639071 4.599409 4.584203 4.587525 4.580026 4.566124 4.55065 4.536944 4.517532 4.500718 4.482099 4.465024
6.17486 6.032932 6.04152 5.955628 5.922048 5.879899 5.825953 5.810468 5.749719 5.710974 5.689398 5.623442 5.600195 5.553848 5.500062 5.483155 5.428891 5.373899 5.366654 5.305318 5.263282 5.235752 5.164105 5.14048 5.092106 5.027866 5.022179 4.992337 4.953845 4.980273 5.035613 5.075248 4.949555 4.864861 4.858263 4.841114 4.796216 4.808806 4.779128 4.745749 4.763474 4.719515 4.709476 4.757804 4.777834 4.768737 4.740613 4.729387 4.713368 4.683339 4.67529 4.618894 4.519678 4.526206 4.570368 4.578698 4.565983 4.538415 4.52961 4.511639 4.485767 4.478256 4.457666
6.200321 6.075827 6.034752 5.95187 5.905709 5.850852 5.811389 5.782032 5.722972 5.700756 5.649176 5.605914 5.578941 5.524768 5.486442 5.459379 5.408247 5.375612 5.353851 5.311354 5.272277 5.229817 5.162114 5.129308 5.07513 5.026083 5.01024 4.977124 4.955904 4.958361 4.998755 5.016429 4.927949 4.870489 4.857511 4.838399 4.813541 4.80637 4.778934 4.756903 4.755943 4.733143 4.728165 4.752434 4.768453 4.758969 4.734715 4.724799 4.700308 4.676782 4.663174 4.614938 4.548607 4.544736 4.566484 4.572656 4.557863 4.534572 4.522846 4.501008 4.480925 4.470378 4.448807
6.266736 6.200327 6.071399 5.924853 5.861804 5.818667 5.763564 5.728812 5.690074 5.645238 5.612909 5.57055 5.524096 5.494091 5.44346 5.419649 5.383228 5.335182 5.329268 5.359405 5.367018 5.258439 5.143508 5.094686 5.056884 5.007309 4.979894 4.964182 4.939982 4.934135 4.926535 4.907676 4.889218 4.855868 4.846973 4.85086 4.853812 4.82745 4.780355 4.754246 4.759814 4.770171 4.76721 4.757638 4.752751 4.741673 4.725073 4.708873 4.689153 4.668344 4.646446 4.621962 4.597051 4.583604 4.571011 4.559547 4.545853 4.528668 4.511561 4.491545 4.469282 4.456076 4.440141
6.27349 6.298278 6.102229 5.868992 5.826836 5.789044 5.723069 5.704559 5.650537 5.620006 5.588255 5.528746 5.509063 5.464404 5.412893 5.404899 5.348146 5.291652 5.305815 5.394664 5.515572 5.28243 5.098649 5.072737 5.033483 4.973904 4.966309 4.9438 4.920008 4.914991 4.887061 4.871634 4.866441 4.827631 4.828729 4.855943 4.898135 4.848778 4.760562 4.711637 4.756804 4.789005 4.792322 4.758751 4.74962 4.74053 4.713678 4.7 4.683928 4.656422 4.648863 4.623411 4.608099 4.600975 4.569996 4.559912 4.543069 4.515843 4.509591 4.483946 4.459531 4.455794 4.430281
6.243939 6.197958 6.056627 5.901948 5.823125 5.767554 5.716554 5.670478 5.619951 5.588318 5.54546 5.507181 5.4756 5.428934 5.394889 5.370907 5.321899 5.286207 5.271894 5.299098 5.31333 5.201947 5.101518 5.058472 5.015174 4.981417 4.949243 4.929372 4.915725 4.898368 4.880969 4.866426 4.852569 4.835162 4.830025 4.840054 4.851753 4.829353 4.785805 4.759737 4.768435 4.775936 4.773139 4.755659 4.743482 4.729994 4.711174 4.694397 4.675364 4.65731 4.637509 4.616556 4.601348 4.587524 4.565568 4.550649 4.533071 4.51283 4.495854 4.466459 4.440756 4.427643 4.414818
6.196635 6.155972 6.036751 5.838375 5.76904 5.73614 5.654924 5.629359 5.581703 5.535969 5.509466 5.455889 5.425442 5.398095 5.343055 5.319415 5.288188 5.235402 5.221694 5.180614 5.133852 5.118967 5.042675 5.01101 4.994037 4.951578 4.937121 4.91659 4.895572 4.880919 4.859171 4.845823 4.8386 4.811697 4.809786 4.833771 4.855739 4.833881 4.808815 4.808117 4.786048 4.77336 4.768659 4.750937 4.734244 4.723343 4.702232 4.683122 4.668584 4.64322 4.628203 4.610447 4.587397 4.57719 4.558909 4.54256 4.52728 4.499983 4.483999 4.448729 4.378054 4.363215 4.394194
6.176569 6.17895 6.035864 5.803806 5.740926 5.718662 5.63237 5.611321 5.552625 5.519753 5.49087 5.428191 5.414332 5.36948 5.321588 5.304058 5.255541 5.210984 5.19242 5.137494 5.103306 5.084197 5.013442 4.994352 4.97489 4.941911 4.930656 4.900031 4.889484 4.873275 4.845119 4.838284 4.823049 4.79639 4.796506 4.823455 4.869749 4.831566 4.80619 4.822902 4.786233 4.77242 4.770431 4.743783 4.728765 4.717978 4.687939 4.679135 4.661045 4.635666 4.627852 4.606873 4.582716 4.575302 4.551172 4.539163 4.52393 4.493544 4.487267 4.441954 4.350238 4.336202 4.385065
6.145844 6.097013 5.999722 5.904447 5.832189 5.729183 5.631577 5.583085 5.544696 5.492647 5.448923 5.412042 5.376915 5.326993 5.293012 5.249677 5.212623 5.184804 5.1537 5.119182 5.087667 5.058247 5.024195 4.995854 4.956684 4.93063 4.9084 4.892152 4.874611 4.856196 4.838961 4.822751 4.806222 4.793366 4.783536 4.786838 4.783762 4.774596 4.760524 4.751604 4.745705 4.748522 4.741244 4.724607 4.707301 4.693873 4.677094 4.661422 4.645591 4.629342 4.614725 4.597147 4.575404 4.561253 4.546845 4.529725 4.509332 4.49019 4.470843 4.440362 4.407483 4.390078 4.388922
