test/shakemap_padang_20090930.asc
ncols         250
nrows         254
xllcorner     96.956
yllcorner     -5.5187329999999
cellsize      0.030741064
NODATA_value  -9999
[rows 56 to 83 of 254, columns 0 to 62 of 250]
4.417063 4.440916 4.4582 4.464016 4.487799 4.499815 4.512801 4.54103 4.550094 4.568734 4.587552 4.595833 4.622751 4.639384 4.649671 4.678323 4.690004 4.708734 4.733721 4.740609 4.762866 4.786849 4.789028 4.813894 4.835933 4.840182 4.87617 4.888376 4.906513 4.926784 4.935956 4.969779 4.98223 5.011167 5.070202 5.091085 5.139179 5.196001 5.214129 5.269844 5.316935 5.335751 5.403959 5.437988 5.465521 5.531259 5.552388 5.603087 5.651529 5.668159 5.72758 5.76746 5.787411 5.852335 5.877839 5.918122 5.967111 5.982817 6.032232 6.076423 6.089233 6.146124 6.176815
4.424012 4.446837 4.460365 4.470437 4.49276 4.504233 4.519958 4.544342 4.555133 4.576122 4.590885 4.602921 4.629044 4.640792 4.657136 4.682779 4.694814 4.716865 4.737288 4.747992 4.773532 4.787197 4.798795 4.824039 4.840193 4.85797 4.882607 4.894033 4.920016 4.933125 4.95012 4.98329 4.99262 5.031441 5.084087 5.107135 5.16441 5.208376 5.234024 5.295729 5.324673 5.362113 5.425384 5.453739 5.506517 5.550568 5.5726 5.633396 5.664609 5.694744 5.754648 5.778065 5.81881 5.873446 5.897285 5.952642 5.985027 6.009234 6.06858 6.088068 6.122432 6.173993 6.195182
4.440338 4.456206 4.469372 4.483088 4.498281 4.514575 4.532028 4.553964 4.568243 4.584456 4.604671 4.620392 4.635791 4.653966 4.670457 4.688699 4.705225 4.724882 4.746871 4.761544 4.780434 4.79914 4.814116 4.831927 4.850893 4.869721 4.89548 4.915015 4.931537 4.954806 4.977215 5.002864 5.033586 5.068983 5.110752 5.147745 5.192938 5.247095 5.281312 5.324131 5.376049 5.412303 5.455986 5.500293 5.541368 5.596834 5.631034 5.666749 5.716719 5.751328 5.789791 5.835108 5.870259 5.911501 5.958926 5.989436 6.040786 6.07098 6.107259 6.154644 6.182712 6.217454 6.254247
4.435531 4.462503 4.479742 4.484698 4.509245 4.520022 4.537311 4.563989 4.570935 4.59388 4.618533 4.62314 4.647021 4.660014 4.675049 4.702242 4.710544 4.732882 4.758181 4.763213 4.791121 4.809823 4.821382 4.849086 4.860073 4.881159 4.912534 4.920778 4.945704 4.969412 4.979729 5.027809 5.050047 5.085654 5.150076 5.171013 5.221567 5.284579 5.296361 5.361338 5.409396 5.434457 5.500384 5.53019 5.571606 5.63535 5.652366 5.70561 5.757929 5.769681 5.834835 5.869934 5.901333 5.960527 5.981179 6.028887 6.08561 6.09521 6.155166 6.19945 6.218261 6.268759 6.290325
4.449076 4.469529 4.480709 4.495593 4.512472 4.526425 4.546607 4.566775 4.579709 4.601356 4.618609 4.632024 4.653417 4.668161 4.687504 4.706254 4.721472 4.743133 4.761362 4.775067 4.798956 4.813566 4.834899 4.854739 4.869664 4.893034 4.91516 4.930612 4.956442 4.974136 4.998625 5.042094 5.070657 5.11639 5.165915 5.197031 5.250622 5.29348 5.327094 5.386043 5.419499 5.472291 5.519944 5.554049 5.607656 5.652254 5.682861 5.737262 5.770145 5.804858 5.86168 5.89465 5.942199 5.985515 6.013909 6.06761 6.102585 6.133697 6.18971 6.223734 6.262984 6.299582 6.323617
4.459007 4.4751 4.487113 4.497955 4.519939 4.539434 4.553539 4.577891 4.590895 4.608616 4.631298 4.64288 4.663432 4.683987 4.697889 4.722913 4.737931 4.753011 4.777788 4.790008 4.809265 4.83144 4.845337 4.866526 4.88806 4.902462 4.92899 4.943525 4.96512 4.99041 5.013568 5.063917 5.107809 5.141835 5.202319 5.2377 5.276803 5.339475 5.369047 5.415345 5.469216 5.503928 5.556013 5.609813 5.639394 5.702018 5.732787 5.769346 5.824821 5.85097 5.899029 5.949461 5.978777 6.038111 6.071619 6.104131 6.165404 6.191117 6.229904 6.282957 6.306417 6.347528 6.394951
4.45631 4.480469 4.490422 4.500905 4.530617 4.54024 4.558178 4.585469 4.592455 4.615809 4.638803 4.646841 4.673232 4.69 4.702832 4.732275 4.740543 4.760806 4.787029 4.794151 4.819173 4.839859 4.850245 4.880692 4.890283 4.910202 4.937398 4.945062 4.977536 4.992931 5.017674 5.087464 5.120508 5.157473 5.227031 5.24282 5.300659 5.364654 5.38287 5.445109 5.490339 5.520651 5.597543 5.620636 5.664806 5.731067 5.747315 5.800756 5.848675 5.871967 5.935041 5.970349 6.005131 6.069973 6.083005 6.137659 6.196226 6.213379 6.268889 6.310147 6.336176 6.396379 6.411051
4.472604 4.487431 4.497962 4.514602 4.532259 4.549186 4.568779 4.585934 4.603801 4.62415 4.645319 4.661406 4.67901 4.697304 4.715685 4.73337 4.749445 4.770918 4.789416 4.80498 4.826999 4.847033 4.865395 4.884389 4.902512 4.924532 4.942222 4.964849 4.995893 5.026415 5.06195 5.10618 5.148646 5.195397 5.239069 5.278966 5.333941 5.37855 5.417178 5.472603 5.52067 5.565728 5.611626 5.653644 5.703576 5.743937 5.784659 5.835144 5.882477 5.922014 5.964645 6.005896 6.051197 6.09114 6.127289 6.180035 6.21963 6.267033 6.306216 6.347157 6.386057 6.423103 6.456456
4.469805 4.493409 4.508584 4.517838 4.544919 4.559281 4.573112 4.600795 4.611406 4.630849 4.655421 4.665284 4.691364 4.708735 4.720106 4.747992 4.760468 4.776507 4.803669 4.813802 4.83918 4.857249 4.869828 4.901449 4.918504 4.932261 4.96256 4.975497 5.011281 5.053711 5.076406 5.143236 5.186216 5.21421 5.286804 5.319176 5.356966 5.423943 5.448711 5.512298 5.56061 5.587685 5.658566 5.697688 5.727932 5.796275 5.820855 5.864478 5.92709 5.949503 6.012317 6.055292 6.080063 6.147725 6.177605 6.212076 6.280473 6.302009 6.355029 6.39947 6.420159 6.480354 6.515049
4.472362 4.498165 4.510985 4.522319 4.549966 4.561172 4.578764 4.604906 4.614692 4.639507 4.658667 4.669619 4.697414 4.710782 4.725813 4.753033 4.763506 4.783131 4.807954 4.817903 4.846197 4.860538 4.876215 4.908031 4.921071 4.941881 4.969072 4.982374 5.03156 5.061936 5.090056 5.161199 5.192952 5.233957 5.30374 5.329937 5.379847 5.438089 5.463201 5.535695 5.570962 5.60791 5.679484 5.708075 5.752327 5.812685 5.836064 5.902186 5.940604 5.969912 6.037817 6.064169 6.106228 6.169419 6.192139 6.243013 6.298355 6.321356 6.38478 6.41258 6.446993 6.507225 6.529133
4.490839 4.506474 4.519276 4.535561 4.553247 4.571429 4.590255 4.607928 4.627975 4.645896 4.668404 4.684365 4.701629 4.7212 4.738739 4.756577 4.77351 4.794161 4.815651 4.831655 4.852603 4.875373 4.893298 4.912494 4.932809 4.957201 4.978392 5.009552 5.047402 5.093226 5.131964 5.177982 5.228196 5.274049 5.320515 5.364012 5.415783 5.470639 5.515345 5.558111 5.612189 5.654641 5.700569 5.746809 5.793344 5.836207 5.886315 5.929411 5.984792 6.022938 6.0647 6.111797 6.153978 6.196952 6.237134 6.285518 6.338267 6.377571 6.415898 6.464274 6.500568 6.539769 6.579386
4.486062 4.512445 4.529645 4.53631 4.565748 4.579813 4.59543 4.622773 4.631176 4.653879 4.678353 4.684753 4.712508 4.729829 4.740541 4.770575 4.780565 4.801457 4.82641 4.833901 4.864163 4.889174 4.896439 4.927608 4.94024 4.966348 4.996714 5.007018 5.068082 5.117714 5.135527 5.213174 5.259314 5.285455 5.364354 5.39107 5.443359 5.509242 5.52664 5.594358 5.648531 5.667801 5.745191 5.779401 5.820905 5.884719 5.903919 5.965641 6.026215 6.040189 6.109247 6.149406 6.174224 6.247249 6.271353 6.321991 6.380852 6.396395 6.460479 6.508624 6.524137 6.59031 6.619371
4.495856 4.518398 4.53044 4.54259 4.566556 4.583693 4.60197 4.624085 4.636607 4.659367 4.678319 4.69169 4.71648 4.733202 4.75185 4.774422 4.787164 4.809053 4.828744 4.842213 4.869792 4.888446 4.905547 4.93102 4.94974 4.97868 5.006166 5.028112 5.083784 5.123073 5.158357 5.226167 5.269159 5.3193 5.377062 5.409279 5.466694 5.515845 5.548861 5.613736 5.652439 5.694253 5.758735 5.797281 5.849548 5.898463 5.92846 5.991573 6.032292 6.067503 6.130824 6.165869 6.216576 6.26722 6.295199 6.353484 6.394143 6.425572 6.488555 6.518377 6.568652 6.612533 6.642733
4.504482 4.522908 4.536121 4.551187 4.570465 4.588163 4.606626 4.629801 4.64431 4.664799 4.688313 4.702127 4.723136 4.743878 4.759867 4.779572 4.799418 4.81631 4.839532 4.854071 4.876834 4.899727 4.918324 4.938679 4.959747 4.990201 5.030233 5.057159 5.102771 5.155558 5.189996 5.247318 5.30181 5.343435 5.39508 5.446579 5.488709 5.548854 5.584381 5.637092 5.696728 5.734674 5.785042 5.832566 5.876918 5.93895 5.974971 6.019398 6.077468 6.110495 6.162019 6.214472 6.251019 6.311369 6.349082 6.38532 6.443888 6.476096 6.522427 6.578826 6.609325 6.652595 6.695344
4.497184 4.527503 4.540148 4.550148 4.578579 4.590096 4.609142 4.636405 4.641856 4.670591 4.698452 4.705204 4.732141 4.749983 4.76297 4.792525 4.800417 4.822312 4.848307 4.853799 4.885921 4.909608 4.921563 4.950468 4.960353 4.998501 5.045787 5.055166 5.122085 5.178213 5.199528 5.275561 5.319993 5.356215 5.432967 5.451417 5.508898 5.575391 5.589011 5.665443 5.719383 5.747358 5.81913 5.850303 5.897991 5.970183 5.983985 6.048785 6.107959 6.128797 6.198577 6.239996 6.273915 6.345687 6.361509 6.415617 6.476362 6.493515 6.560175 6.609516 6.633623 6.69462 6.720359
4.514091 4.534025 4.545443 4.562509 4.580991 4.597601 4.618114 4.638411 4.653763 4.676239 4.695906 4.716038 4.73453 4.753335 4.772427 4.791532 4.807823 4.83064 4.850219 4.866255 4.891399 4.913659 4.934722 4.955171 4.976289 5.015594 5.053546 5.086564 5.140602 5.185045 5.237355 5.287673 5.335514 5.386221 5.434209 5.474973 5.534092 5.582087 5.622141 5.683961 5.735781 5.783305 5.832463 5.874938 5.93001 5.979855 6.017857 6.074816 6.116975 6.170201 6.218253 6.262014 6.311334 6.355403 6.396708 6.450091 6.492318 6.529931 6.589191 6.634185 6.677236 6.718389 6.753184
4.519493 4.540543 4.556078 4.566624 4.592699 4.609375 4.622184 4.649738 4.661522 4.681427 4.704941 4.71722 4.743346 4.757952 4.774511 4.804651 4.819842 4.836865 4.862427 4.87407 4.899044 4.924077 4.939217 4.969839 4.987256 5.023896 5.080721 5.106358 5.159483 5.222664 5.253131 5.320294 5.360495 5.399692 5.473088 5.509938 5.55361 5.619886 5.648221 5.707353 5.766716 5.800781 5.873404 5.91676 5.952277 6.021733 6.051369 6.09973 6.162898 6.19283 6.259047 6.303895 6.334857 6.404141 6.438331 6.478475 6.546112 6.571609 6.623146 6.682609 6.708923 6.768784 6.805491
4.518647 4.544899 4.559801 4.5692 4.597964 4.610127 4.625957 4.654091 4.663123 4.686271 4.70879 4.71874 4.748303 4.760769 4.77762 4.810424 4.821588 4.842103 4.867075 4.876725 4.909042 4.929698 4.943528 4.976878 4.984296 5.031104 5.092076 5.111461 5.176284 5.236284 5.261743 5.337643 5.371156 5.412322 5.490607 5.515769 5.571107 5.633846 5.658252 5.730106 5.77846 5.80764 5.893974 5.921621 5.969636 6.03925 6.061403 6.122865 6.178352 6.20586 6.282223 6.311797 6.354711 6.426532 6.447931 6.504478 6.565098 6.58842 6.66208 6.700149 6.729987 6.795038 6.81326
4.534386 4.550123 4.562511 4.579532 4.597087 4.614904 4.634616 4.65202 4.668679 4.692441 4.715907 4.733066 4.75063 4.770479 4.789934 4.809061 4.826968 4.849772 4.867867 4.89252 4.911002 4.934351 4.958521 4.981805 5.008898 5.054723 5.097165 5.13571 5.195971 5.255327 5.299306 5.345047 5.395607 5.446062 5.494586 5.539797 5.597189 5.645296 5.693181 5.736952 5.794009 5.840868 5.891513 5.942768 6.003218 6.047967 6.089946 6.150403 6.207888 6.251918 6.29873 6.34871 6.397319 6.442916 6.485566 6.540797 6.599388 6.63973 6.683063 6.733805 6.77579 6.816993 6.858247
4.527835 4.55375 4.569326 4.578047 4.606824 4.619943 4.634629 4.663427 4.67267 4.698774 4.726075 4.734046 4.761918 4.779433 4.790914 4.820693 4.831294 4.855332 4.88407 4.893165 4.921333 4.940409 4.95611 4.998785 5.012781 5.057878 5.132473 5.155305 5.218278 5.281702 5.303211 5.376722 5.41912 5.451737 5.532858 5.561847 5.611422 5.682242 5.701778 5.764348 5.83253 5.846054 5.929554 5.976496 6.008048 6.092006 6.115836 6.180589 6.242045 6.263731 6.340612 6.387733 6.414605 6.492057 6.520379 6.573597 6.636943 6.65704 6.723722 6.776705 6.795423 6.865595 6.898496
4.533972 4.558369 4.570362 4.582281 4.608578 4.623254 4.642024 4.66534 4.676761 4.702747 4.725744 4.738488 4.763242 4.779051 4.796005 4.82302 4.836028 4.860729 4.885277 4.897599 4.92477 4.941443 4.965226 5.005857 5.025835 5.07842 5.138336 5.166841 5.231595 5.283928 5.318259 5.388183 5.421355 5.468977 5.540357 5.574464 5.626508 5.683271 5.707435 5.75766 5.812801 5.843336 5.92966 5.982677 6.035367 6.102939 6.126264 6.190231 6.241795 6.275804 6.356785 6.393631 6.437124 6.504311 6.536229 6.597644 6.646929 6.676527 6.74462 6.780895 6.819549 6.883427 6.914327
4.544596 4.562141 4.575047 4.59093 4.609313 4.627518 4.646826 4.66939 4.685087 4.706453 4.729279 4.747801 4.766091 4.786639 4.805565 4.826478 4.844823 4.866653 4.889781 4.906744 4.930164 4.955857 4.9829 5.014725 5.047655 5.095563 5.154353 5.194371 5.245367 5.302012 5.34982 5.398983 5.452736 5.500164 5.552133 5.601167 5.642351 5.698148 5.722216 5.720212 5.714143 5.79938 5.921565 6.000451 6.055329 6.113089 6.159372 6.204369 6.263329 6.30882 6.36 6.419161 6.47446 6.525612 6.580251 6.622617 6.680717 6.718421 6.76769 6.822567 6.862237 6.909279 6.955
4.536182 4.564861 4.579989 4.589685 4.617216 4.630051 4.648213 4.675383 4.681808 4.710899 4.738624 4.74488 4.773572 4.789999 4.806132 4.838523 4.850224 4.871302 4.898186 4.904119 4.939177 4.960011 4.982886 5.033233 5.050356 5.1037 5.176446 5.193634 5.262328 5.327466 5.345058 5.424562 5.469969 5.508392 5.586882 5.610324 5.659966 5.738143 5.740502 5.697887 5.548787 5.71746 5.958655 6.039293 6.065744 6.151141 6.169832 6.221892 6.303764 6.309734 6.388913 6.449895 6.481227 6.567101 6.591148 6.647617 6.715063 6.728048 6.800058 6.849621 6.878441 6.949772 6.980236
4.548869 4.569384 4.581258 4.597749 4.617191 4.633878 4.654896 4.677027 4.691706 4.715376 4.73609 4.751385 4.775176 4.793695 4.814209 4.836533 4.85604 4.877383 4.898517 4.915082 4.944125 4.964026 4.999855 5.036799 5.067846 5.122308 5.17837 5.21562 5.27559 5.325341 5.366168 5.4311 5.479487 5.531947 5.584975 5.625986 5.677494 5.727517 5.750378 5.750323 5.722569 5.822692 5.959649 6.034548 6.084709 6.141623 6.178609 6.212556 6.252453 6.292623 6.379875 6.448085 6.505339 6.57765 6.615408 6.672102 6.720183 6.757717 6.81959 6.865752 6.912983 6.962945 6.998913
4.552723 4.573084 4.586873 4.599461 4.621799 4.641605 4.658969 4.686518 4.700692 4.720294 4.743317 4.756245 4.779521 4.799152 4.817543 4.846152 4.861983 4.882083 4.909406 4.924418 4.951084 4.976877 5.005611 5.051379 5.093139 5.135156 5.20092 5.235754 5.289499 5.350913 5.384568 5.44748 5.501785 5.545719 5.615449 5.654233 5.694709 5.76225 5.788358 5.825337 5.888906 5.9227 6.012505 6.07083 6.104423 6.181047 6.203863 6.179099 6.11544 6.197442 6.37813 6.479934 6.524461 6.60185 6.648953 6.694241 6.760971 6.792284 6.845269 6.900871 6.937386 7.000967 7.041864
4.547696 4.57607 4.590099 4.599728 4.629786 4.640307 4.660889 4.692922 4.701773 4.724642 4.748332 4.757085 4.785025 4.800296 4.81697 4.851396 4.860918 4.885889 4.91617 4.925802 4.959018 4.980966 5.005277 5.070634 5.091084 5.142561 5.21667 5.23696 5.302757 5.366696 5.389762 5.465711 5.510187 5.549227 5.631382 5.652944 5.710355 5.787965 5.806018 5.866517 5.93682 5.955644 6.046887 6.088078 6.121789 6.207026 6.224163 6.178759 6.020747 6.134099 6.40915 6.507481 6.536498 6.625598 6.652678 6.713538 6.783125 6.803306 6.870389 6.919945 6.948745 7.025814 7.050216
4.564288 4.580531 4.592592 4.610069 4.628132 4.646173 4.667937 4.687993 4.705342 4.728707 4.751434 4.768955 4.787786 4.80795 4.828532 4.84838 4.866887 4.891868 4.914476 4.933997 4.96211 4.99044 5.026585 5.067426 5.107307 5.161102 5.208531 5.259104 5.315151 5.375396 5.421773 5.472175 5.524979 5.578071 5.627753 5.674162 5.736861 5.784393 5.838591 5.883773 5.941501 5.991418 6.045877 6.09906 6.151822 6.193971 6.221472 6.228913 6.234481 6.299093 6.41014 6.497292 6.566898 6.622248 6.676901 6.73754 6.788291 6.842463 6.888955 6.941249 6.98607 7.031985 7.071929
4.559404 4.583631 4.599071 4.608937 4.636887 4.650311 4.667718 4.699704 4.711325 4.732168 4.756378 4.767319 4.798112 4.818209 4.829704 4.859198 4.87188 4.892626 4.924133 4.93689 4.971798 4.990601 5.020351 5.089212 5.120496 5.162406 5.238911 5.266294 5.325966 5.390785 5.419733 5.499239 5.547219 5.58127 5.660498 5.693548 5.744301 5.823741 5.851052 5.9155 5.970325 6.000272 6.089579 6.128611 6.161633 6.232711 6.258022 6.294484 6.380364 6.390225 6.469191 6.547102 6.571818 6.664468 6.702531 6.750611 6.825107 6.851166 6.921871 6.971916 6.999188 7.072608 7.113203
