test/shakemap_padang_20090930.asc
ncols         250
nrows         254
xllcorner     96.956
yllcorner     -5.5187329999999
cellsize      0.030741064
NODATA_value  -9999
[rows 168 to 195 of 254, columns 0 to 62 of 250]
4.173814 4.187183 4.198225 4.204318 4.225133 4.238064 4.244441 4.262908 4.270442 4.284021 4.305274 4.311973 4.331354 4.34742 4.352057 4.37055 4.379569 4.390516 4.412662 4.419372 4.433877 4.447167 4.454614 4.475759 4.488317 4.496512 4.519481 4.52752 4.535985 4.555282 4.560928 4.577416 4.589165 4.596878 4.618335 4.628181 4.635934 4.654298 4.660911 4.678209 4.695234 4.699548 4.716976 4.728162 4.734375 4.752619 4.758842 4.772118 4.785913 4.791037 4.806424 4.818338 4.822915 4.839952 4.847932 4.855293 4.873354 4.878546 4.891525 4.905617 4.907844 4.920324 4.928453
4.165451 4.176104 4.183166 4.195783 4.20937 4.221469 4.234919 4.245691 4.257623 4.274072 4.289817 4.301821 4.314244 4.326831 4.340409 4.352911 4.364076 4.3793 4.390687 4.401667 4.41801 4.431604 4.444243 4.456656 4.468288 4.483771 4.496634 4.508325 4.522804 4.536044 4.547541 4.560209 4.57242 4.585545 4.597307 4.607652 4.621954 4.631781 4.645988 4.658099 4.670279 4.682898 4.695438 4.706444 4.719657 4.729688 4.739299 4.753655 4.765559 4.775585 4.786258 4.796023 4.80683 4.815373 4.82354 4.837147 4.845557 4.858554 4.869148 4.879268 4.888463 4.896057 4.903369
4.145753 4.164916 4.17057 4.179848 4.202963 4.210146 4.221498 4.238621 4.24271 4.261625 4.279194 4.285268 4.301906 4.31042 4.32363 4.345699 4.350564 4.364707 4.379875 4.385105 4.405101 4.419993 4.427749 4.446768 4.450559 4.466233 4.487549 4.492247 4.50709 4.519933 4.527624 4.547638 4.560013 4.569348 4.587329 4.590751 4.604845 4.619718 4.62481 4.640997 4.650582 4.66154 4.684064 4.69019 4.700807 4.71838 4.722404 4.735991 4.749455 4.755764 4.773713 4.780061 4.788131 4.800172 4.801255 4.816217 4.830139 4.834967 4.849569 4.860161 4.867277 4.879783 4.880614
4.144963 4.155826 4.165884 4.174965 4.189738 4.206227 4.213146 4.230113 4.23934 4.251496 4.270711 4.278195 4.290811 4.30552 4.315117 4.335179 4.346484 4.354321 4.371453 4.379696 4.392918 4.410917 4.419292 4.43153 4.447535 4.455853 4.476136 4.485608 4.494366 4.511404 4.51903 4.53367 4.551134 4.557628 4.575129 4.585228 4.591833 4.609386 4.616607 4.626543 4.642601 4.651452 4.665358 4.682663 4.686657 4.704991 4.713323 4.720241 4.738357 4.743486 4.753616 4.769193 4.772303 4.786322 4.794678 4.800094 4.817928 4.823843 4.832141 4.849049 4.853489 4.864575 4.873177
4.129212 4.14652 4.154191 4.165642 4.178385 4.187935 4.202611 4.214348 4.222988 4.241101 4.252575 4.262999 4.27933 4.289088 4.303807 4.318128 4.32839 4.343442 4.353851 4.363142 4.38014 4.387608 4.403708 4.418249 4.428355 4.443671 4.455154 4.463768 4.480647 4.488478 4.49937 4.518704 4.529075 4.542881 4.554059 4.562235 4.577797 4.586334 4.595084 4.61183 4.62085 4.63378 4.646244 4.653688 4.669429 4.678646 4.686203 4.703049 4.709106 4.71882 4.734806 4.741676 4.753968 4.760772 4.766285 4.782729 4.789178 4.797461 4.813734 4.821142 4.831464 4.8395 4.843763
4.114563 4.135983 4.149783 4.154715 4.1714 4.180026 4.190949 4.206779 4.211263 4.230574 4.249003 4.251985 4.269953 4.279991 4.29035 4.311402 4.319973 4.331371 4.348428 4.35164 4.368544 4.379957 4.38843 4.409706 4.419995 4.429864 4.446067 4.451027 4.467032 4.479874 4.48441 4.507467 4.519968 4.527586 4.543723 4.550249 4.562927 4.578684 4.581623 4.598128 4.609893 4.616671 4.633367 4.640094 4.651784 4.666553 4.671087 4.686354 4.699552 4.702049 4.720039 4.72997 4.735754 4.746147 4.750616 4.76446 4.778904 4.781564 4.796948 4.809798 4.812849 4.824267 4.830015
4.116603 4.127205 4.137545 4.146911 4.158087 4.170572 4.181916 4.197906 4.20828 4.219748 4.235947 4.24631 4.256853 4.270494 4.281224 4.29485 4.307145 4.318924 4.335153 4.34487 4.355347 4.369915 4.380228 4.393354 4.407053 4.417758 4.43424 4.444302 4.453806 4.468685 4.478522 4.490903 4.505602 4.514793 4.526438 4.540747 4.548124 4.563441 4.572024 4.581524 4.59598 4.60445 4.615504 4.627506 4.636907 4.652424 4.661094 4.668292 4.682754 4.689895 4.699737 4.712568 4.719094 4.728451 4.741133 4.746639 4.761219 4.768137 4.775538 4.788943 4.794421 4.802948 4.812734
4.100053 4.11746 4.122932 4.130902 4.147473 4.15492 4.171148 4.186922 4.194212 4.210666 4.220772 4.229103 4.245972 4.25246 4.264645 4.280589 4.287174 4.306445 4.319753 4.327089 4.344827 4.352018 4.36261 4.379513 4.38635 4.404198 4.418928 4.425719 4.442834 4.451372 4.459765 4.476939 4.482996 4.495217 4.510227 4.516619 4.53405 4.542693 4.549645 4.56789 4.573103 4.583522 4.599445 4.605699 4.621755 4.63175 4.637035 4.652586 4.655322 4.663933 4.68038 4.684309 4.696613 4.710004 4.715705 4.730696 4.734607 4.740769 4.756444 4.756311 4.767298 4.781286 4.785851
4.093257 4.107252 4.118714 4.122722 4.140025 4.149644 4.158366 4.181413 4.189177 4.201296 4.216866 4.221258 4.23752 4.249396 4.254971 4.273051 4.280229 4.295478 4.314438 4.319781 4.334103 4.348846 4.353079 4.370724 4.379825 4.38931 4.411982 4.419101 4.431611 4.446589 4.450457 4.466357 4.479049 4.483312 4.501593 4.509274 4.521045 4.535672 4.540312 4.554332 4.568727 4.571873 4.589004 4.599034 4.604024 4.622797 4.628491 4.638008 4.647762 4.651669 4.667128 4.679005 4.682281 4.700137 4.707928 4.715076 4.725881 4.728993 4.738773 4.749233 4.75231 4.768364 4.778467
4.08673 4.096264 4.103722 4.114367 4.125066 4.136263 4.149384 4.16126 4.172215 4.187308 4.202242 4.212469 4.22298 4.234978 4.246231 4.256945 4.267474 4.281699 4.292947 4.307499 4.318933 4.332834 4.343801 4.354711 4.365932 4.379027 4.390674 4.400715 4.41435 4.427806 4.437781 4.448214 4.459641 4.470867 4.481367 4.491317 4.503952 4.517429 4.526772 4.536771 4.548659 4.558616 4.569022 4.579193 4.589671 4.598406 4.606604 4.618073 4.629001 4.637509 4.646443 4.655933 4.665969 4.675883 4.684371 4.693389 4.70371 4.710866 4.718115 4.72658 4.735236 4.744885 4.753176
4.06665 4.084153 4.090919 4.098435 4.116416 4.120971 4.134492 4.150149 4.154416 4.17335 4.189732 4.19603 4.214091 4.220547 4.230934 4.247895 4.252288 4.26615 4.280372 4.28632 4.308545 4.319931 4.327493 4.345366 4.350647 4.363204 4.378835 4.383448 4.397763 4.410592 4.417353 4.435802 4.440822 4.452222 4.468587 4.47255 4.485648 4.499907 4.505364 4.523378 4.530516 4.538998 4.556089 4.560599 4.571101 4.581304 4.584577 4.598655 4.610601 4.616466 4.63026 4.6314 4.644356 4.659189 4.662459 4.671848 4.681233 4.686013 4.70042 4.701516 4.711869 4.727608 4.730608
4.063795 4.074196 4.085308 4.09173 4.107487 4.118495 4.12572 4.143303 4.151201 4.164093 4.183234 4.190193 4.204732 4.215606 4.222953 4.239374 4.248489 4.256364 4.273582 4.280529 4.294167 4.312995 4.318943 4.334765 4.346629 4.351464 4.369682 4.377203 4.385347 4.403021 4.409242 4.423584 4.434716 4.441442 4.457933 4.467042 4.473035 4.491278 4.496937 4.505855 4.522991 4.527926 4.54331 4.554758 4.55598 4.571154 4.577295 4.584095 4.601796 4.606196 4.616693 4.627048 4.631391 4.646822 4.654809 4.656517 4.671644 4.675828 4.681205 4.695021 4.699407 4.713133 4.723159
4.049407 4.063233 4.069229 4.080404 4.091815 4.101525 4.116497 4.129825 4.139762 4.154891 4.165028 4.178266 4.189841 4.199853 4.21197 4.222697 4.231524 4.246065 4.255924 4.265339 4.281284 4.292322 4.303976 4.315341 4.324324 4.338239 4.348136 4.356683 4.371628 4.379304 4.392646 4.404261 4.413321 4.426127 4.436629 4.444886 4.459331 4.467759 4.475996 4.489574 4.497277 4.508654 4.51951 4.526848 4.539941 4.548051 4.555309 4.568331 4.573045 4.585596 4.595957 4.603168 4.613863 4.621618 4.627293 4.639598 4.64409 4.650934 4.66506 4.672378 4.680666 4.686903 4.690853
4.034334 4.052621 4.060046 4.066322 4.08307 4.090063 4.103661 4.126143 4.130305 4.144121 4.159308 4.164348 4.18022 4.190016 4.19842 4.21669 4.220269 4.23348 4.248932 4.251995 4.269095 4.279959 4.287407 4.304096 4.310098 4.32242 4.339026 4.341255 4.35686 4.369688 4.375403 4.391089 4.400018 4.408905 4.427375 4.430349 4.443249 4.45873 4.461258 4.473626 4.480092 4.488338 4.504604 4.510114 4.521395 4.538326 4.54053 4.551238 4.559971 4.566187 4.580857 4.590001 4.595414 4.608967 4.610413 4.620588 4.630013 4.632796 4.64863 4.659846 4.662154 4.668742 4.670234
4.03282 4.041399 4.051027 4.059297 4.070869 4.083417 4.0948 4.113733 4.123992 4.132994 4.148703 4.156541 4.167796 4.181288 4.189574 4.201575 4.214952 4.222529 4.238209 4.246371 4.256494 4.270831 4.279231 4.290639 4.302691 4.311622 4.32722 4.335794 4.343612 4.358295 4.365339 4.375806 4.38948 4.396972 4.409196 4.422888 4.429242 4.445295 4.452034 4.458255 4.470712 4.477237 4.488332 4.499805 4.506904 4.522475 4.53006 4.534864 4.548394 4.554384 4.563131 4.576055 4.580205 4.592806 4.600714 4.604434 4.617863 4.623652 4.630785 4.644592 4.646982 4.652415 4.660182
4.013934 4.030135 4.035062 4.043226 4.059572 4.067276 4.083499 4.098361 4.106487 4.122339 4.131571 4.14025 4.156696 4.164726 4.17745 4.189754 4.196449 4.211502 4.221378 4.229025 4.245472 4.25256 4.26234 4.27872 4.285879 4.299867 4.310727 4.317099 4.331108 4.335854 4.3446 4.361355 4.367558 4.381447 4.393053 4.398911 4.415059 4.423231 4.430012 4.443854 4.446398 4.456413 4.47254 4.477475 4.491133 4.497321 4.502472 4.519184 4.524497 4.532161 4.545792 4.549166 4.561723 4.568298 4.571718 4.588177 4.594253 4.600499 4.614176 4.615924 4.623497 4.632924 4.636952
4.003557 4.019186 4.029854 4.033442 4.05136 4.059967 4.072204 4.092746 4.099545 4.11166 4.128317 4.130714 4.147245 4.159587 4.16307 4.18165 4.189863 4.20003 4.216117 4.220129 4.234915 4.249246 4.251808 4.269166 4.279583 4.28769 4.30384 4.309329 4.318915 4.329546 4.332668 4.350062 4.359766 4.364546 4.382954 4.390116 4.401157 4.416406 4.419555 4.430849 4.439693 4.443279 4.460452 4.469592 4.476172 4.48663 4.490557 4.504557 4.51874 4.519452 4.530677 4.539763 4.54269 4.555545 4.560561 4.572445 4.586523 4.588759 4.599453 4.609359 4.609372 4.621067 4.629291
3.999804 4.009066 4.01696 4.026641 4.037373 4.049071 4.061039 4.073461 4.087221 4.096651 4.11107 4.120212 4.130289 4.142708 4.152623 4.163435 4.174041 4.185551 4.199699 4.208854 4.218786 4.231799 4.241158 4.251689 4.26292 4.273175 4.283918 4.296494 4.30387 4.315747 4.323936 4.332828 4.343707 4.353334 4.364013 4.374234 4.385218 4.39899 4.406728 4.413552 4.424014 4.432049 4.442076 4.452142 4.460236 4.468083 4.478863 4.485962 4.497558 4.504482 4.512537 4.522317 4.52946 4.53708 4.544711 4.553716 4.566147 4.572094 4.578435 4.587861 4.593378 4.600151 4.607139
3.979397 3.996635 4.002264 4.01063 4.027612 4.03204 4.045614 4.06031 4.065458 4.084199 4.091853 4.099366 4.117352 4.122081 4.134092 4.14989 4.154292 4.168878 4.181769 4.187427 4.205538 4.211747 4.221542 4.238227 4.242145 4.255559 4.269671 4.274788 4.292356 4.30022 4.306096 4.319388 4.322225 4.334225 4.349501 4.354072 4.367716 4.380713 4.385576 4.399061 4.402348 4.411925 4.427837 4.43259 4.442103 4.451517 4.455572 4.46932 4.47313 4.480524 4.496777 4.501176 4.510152 4.520493 4.523775 4.534624 4.542517 4.546869 4.560157 4.562445 4.570479 4.580897 4.582925
3.975345 3.989244 3.998617 4.004014 4.020451 4.029429 4.03702 4.05359 4.059902 4.069665 4.086222 4.092014 4.107358 4.118774 4.124717 4.141561 4.149458 4.158379 4.174905 4.180883 4.194825 4.206882 4.21241 4.228313 4.238376 4.244462 4.261827 4.268204 4.275658 4.294231 4.297743 4.308338 4.318496 4.323367 4.340127 4.348197 4.355383 4.372939 4.377915 4.386953 4.396996 4.401726 4.417041 4.427258 4.429688 4.443208 4.447999 4.452466 4.466406 4.470547 4.484128 4.496733 4.497199 4.509938 4.516822 4.518053 4.533733 4.537362 4.545372 4.556011 4.55745 4.568099 4.576468
3.970141 3.980264 3.987129 3.997313 4.007915 4.017827 4.028721 4.037117 4.04626 4.059444 4.071507 4.081276 4.092168 4.102796 4.114308 4.124797 4.134028 4.147212 4.156909 4.165819 4.179652 4.190812 4.200671 4.209722 4.218347 4.230978 4.240582 4.249037 4.262441 4.27376 4.282111 4.290245 4.298071 4.309529 4.319524 4.328048 4.340943 4.349668 4.35756 4.369217 4.377236 4.38684 4.396924 4.404976 4.414783 4.421479 4.42776 4.438849 4.44661 4.45451 4.46308 4.470054 4.478995 4.485816 4.491977 4.502019 4.506514 4.516412 4.524036 4.530382 4.537686 4.544504 4.549558
3.954336 3.971373 3.979872 3.985466 4.003102 4.009955 4.016728 4.029393 4.031472 4.046751 4.059639 4.065297 4.080931 4.090157 4.099789 4.117015 4.12051 4.13322 4.148886 4.153007 4.167169 4.179893 4.185338 4.199055 4.200503 4.213621 4.229547 4.23253 4.247099 4.259523 4.264725 4.275706 4.280366 4.292148 4.308508 4.310742 4.324149 4.339179 4.343025 4.353333 4.360377 4.368628 4.385782 4.390117 4.397322 4.409521 4.412091 4.422029 4.430021 4.435662 4.445967 4.450307 4.458582 4.470721 4.470988 4.482137 4.49084 4.494506 4.504699 4.510338 4.517503 4.529032 4.530302
3.952597 3.961629 3.972352 3.978043 3.990243 4.002586 4.008105 4.020848 4.027976 4.036625 4.05182 4.058444 4.069914 4.083742 4.090744 4.106658 4.116056 4.12243 4.138554 4.145444 4.154587 4.170182 4.176376 4.184397 4.197277 4.203252 4.21942 4.226908 4.234523 4.249987 4.255108 4.262902 4.274445 4.280821 4.296432 4.305263 4.311226 4.327768 4.333705 4.339334 4.352299 4.356787 4.367877 4.381814 4.383546 4.397482 4.403683 4.407444 4.420885 4.424584 4.431137 4.442156 4.445591 4.457925 4.464745 4.467188 4.48017 4.484382 4.488571 4.50089 4.502227 4.510196 4.52159
3.938062 3.95074 3.956313 3.966902 3.978587 3.986123 3.997365 4.004944 4.011319 4.02608 4.034159 4.043019 4.058644 4.067146 4.07929 4.090323 4.097855 4.110471 4.117371 4.125032 4.140893 4.146749 4.160208 4.171366 4.178401 4.19178 4.20169 4.208818 4.221845 4.227162 4.235358 4.25005 4.257055 4.268144 4.276427 4.28225 4.297188 4.305118 4.311898 4.324826 4.327801 4.340325 4.349172 4.35334 4.367108 4.374915 4.380594 4.392956 4.396403 4.40357 4.415512 4.419678 4.430068 4.436264 4.440436 4.452439 4.456359 4.461521 4.471671 4.473541 4.48279 4.490191 4.492754
3.924796 3.943099 3.950052 3.955034 3.971077 3.979979 3.98629 3.998295 4.001273 4.015563 4.02928 4.033667 4.04946 4.059995 4.066914 4.08324 4.089967 4.098225 4.109422 4.112931 4.128835 4.140049 4.145965 4.162 4.170012 4.178646 4.196047 4.200266 4.208838 4.219593 4.223804 4.239042 4.249973 4.254432 4.266159 4.270424 4.282602 4.298286 4.301116 4.311156 4.320033 4.324592 4.335895 4.340156 4.350499 4.366776 4.370241 4.378052 4.38967 4.391663 4.401872 4.409992 4.413911 4.425346 4.430055 4.436542 4.448534 4.450292 4.455603 4.460133 4.464962 4.475546 4.480088
3.925956 3.936302 3.944131 3.950745 3.96185 3.972543 3.980387 3.988775 3.997258 4.008842 4.020152 4.030005 4.041009 4.05097 4.061347 4.071847 4.081468 4.090732 4.10095 4.108248 4.120798 4.131166 4.141064 4.151492 4.161628 4.171116 4.183296 4.190817 4.199852 4.208961 4.218018 4.228436 4.237882 4.246715 4.255286 4.263684 4.274054 4.285411 4.291805 4.301295 4.309289 4.317321 4.32529 4.33311 4.341647 4.352227 4.358621 4.366842 4.375145 4.382264 4.38959 4.396705 4.40399 4.411882 4.418699 4.425776 4.433885 4.438349 4.445087 4.45057 4.456817 4.463346 4.469402
3.906062 3.925806 3.927109 3.937253 3.952649 3.955499 3.96954 3.976914 3.979783 3.999037 4.005061 4.01318 4.03133 4.034521 4.046246 4.05839 4.059299 4.078729 4.086018 4.091793 4.11084 4.114742 4.124808 4.138669 4.138517 4.157162 4.166697 4.17005 4.187152 4.188045 4.197016 4.215878 4.216165 4.229194 4.239898 4.240342 4.26073 4.266781 4.27223 4.288281 4.287071 4.298123 4.310395 4.308934 4.326386 4.330655 4.332969 4.351121 4.349284 4.35827 4.372649 4.368701 4.383425 4.392072 4.391309 4.409787 4.409861 4.415029 4.430599 4.427379 4.43745 4.444733 4.440596
3.89922 3.921806 3.922527 3.931795 3.949532 3.951373 3.962864 3.97332 3.974191 3.993263 4.00175 4.008169 4.028644 4.031119 4.041479 4.054155 4.053211 4.071855 4.082379 4.086457 4.10531 4.111331 4.1198 4.13432 4.132437 4.149046 4.162579 4.164411 4.180105 4.182963 4.190633 4.211342 4.211598 4.223588 4.235073 4.233715 4.253003 4.262497 4.266414 4.283437 4.282053 4.292108 4.305408 4.302606 4.317858 4.324985 4.325912 4.342357 4.343195 4.351077 4.366661 4.36237 4.376576 4.386133 4.384024 4.400646 4.404023 4.408106 4.42474 4.422037 4.431263 4.438642 4.433223
