hazard/lembang_6.8_shakemap.asc
ncols         599
nrows         337
xllcorner     105.3000035
yllcorner     -8.3749995
cellsize      0.008333
NODATA_value  -9999
[rows 232 to 260 of 337, columns 260 to 324 of 599]
5.662118 5.662119 5.662119 5.662119 5.662119 5.662119 6.017022 5.665954 5.662119 6.017564 5.665992 5.662119 5.662119 5.662119 5.662119 5.662119 5.662119 5.662119 5.661826 5.662115 5.34137 5.337601 5.658457 5.662119 5.662119 5.662119 5.662119 5.662119 5.341324 5.658147 5.661791 5.662116 5.662119 5.66047 5.341787 5.656742 5.342004 5.658101 5.661535 6.015353 5.341903 5.33421 5.3311 5.329396 5.327459 5.647429 5.649078 5.646007 5.320998 5.314513 5.630884 5.632789 5.308989 5.299498 5.617136 5.618361 5.611231 5.606623 5.955459 5.600416 5.590343 5.584498 5.578454 5.57221 5.565778
5.64063 5.640614 5.640614 5.640614 5.640614 5.640614 5.640992 5.640618 5.640614 5.640913 5.640618 5.640614 5.640614 5.640614 5.640614 5.640614 5.640614 5.640614 5.640614 5.638948 5.640272 5.640228 5.64061 5.640614 5.640614 5.640614 5.640614 5.640614 5.640241 5.64061 5.640614 5.640614 5.63894 5.319902 5.63471 5.318436 5.636204 5.640446 5.640042 5.638105 5.317854 5.633161 5.315027 5.308049 5.307837 5.626531 5.627851 5.625228 5.299888 5.293033 5.290106 5.608197 5.606392 5.282251 5.596477 5.949956 5.595555 5.586262 5.581653 5.575832 5.570298 5.564568 5.55864 5.552516 5.546208
-9999 5.619323 5.619308 5.619308 5.619308 5.619308 5.619308 5.619308 5.619308 5.619308 5.619308 5.619308 5.619308 5.619308 5.619308 5.619308 5.619308 5.619308 5.617697 5.298702 5.615804 5.619308 5.619308 5.619308 5.619308 5.619308 5.619308 5.619308 5.619308 5.619308 5.619308 5.619308 5.297102 5.615415 5.297287 5.294752 5.613599 5.619128 5.618748 5.295854 5.612902 5.616078 5.614352 5.292528 5.60703 5.609138 5.606809 5.604242 5.278959 5.273913 5.268925 5.587467 5.266206 5.25776 5.575995 5.575951 5.569133 5.566039 5.561048 5.555828 5.550408 5.544789 5.538975 5.532969 5.528757
-9999 -9999 5.598214 5.598196 5.598196 5.598196 5.598196 5.598196 5.598196 5.598196 5.598196 5.598196 5.598196 5.598196 5.598196 5.598196 5.598196 5.598196 5.278965 5.594239 5.598192 5.598196 5.598196 5.598196 5.598196 5.598196 5.598196 5.598196 5.598196 5.598196 5.598196 5.598196 5.27728 5.59465 5.277469 5.594118 5.276373 5.594168 5.595986 5.274401 5.592235 5.595038 5.593692 5.591682 5.590287 5.58824 5.585955 5.581752 5.258194 5.575154 5.253914 5.566942 5.247022 5.237381 5.555684 5.555231 5.228918 5.542146 5.541104 5.535987 5.530671 5.525159 5.519457 5.513564 5.86143
-9999 -9999 -9999 -9999 -9999 5.579037 5.577295 5.577275 5.577275 5.577275 5.577275 5.577275 5.577275 5.577275 5.577275 5.577275 5.577275 5.577275 5.932251 5.581273 5.577275 5.577275 5.577275 5.577275 5.577275 5.577275 5.577275 5.577275 5.577275 5.577275 5.577275 5.577275 5.575258 5.577254 5.575193 5.577252 5.255023 5.571559 5.254625 5.251523 5.571377 5.574182 5.572864 5.571314 5.569533 5.567522 5.565284 5.240862 5.233893 5.907434 5.559848 5.55075 5.54671 5.221086 5.537396 5.535195 5.208511 5.52226 5.521318 5.516299 5.511085 5.505678 5.500083 5.496185 5.488906
-9999 -9999 -9999 -9999 -9999 -9999 -9999 -9999 5.556561 5.556543 5.556543 5.556543 5.556543 5.556543 5.556543 5.556543 5.556543 5.556543 5.55688 5.556547 5.556543 5.556543 5.556543 5.556543 5.556543 5.556543 5.556543 5.556543 5.556543 5.554904 5.556525 5.556543 5.235997 5.553 5.234539 5.552826 5.236002 5.230584 5.229782 5.551408 5.554572 5.553513 5.552221 5.550702 5.548957 5.546987 5.543163 5.21999 5.213501 5.53335 5.888247 5.53513 5.527029 5.201033 5.870108 5.518052 5.190388 5.502557 5.501687 5.496763 5.491648 5.486343 5.480853 5.829544 5.473975
-9999 -9999 -9999 -9999 -9999 -9999 -9999 -9999 -9999 -9999 5.537773 5.537745 5.537717 5.536014 5.535995 5.535995 5.535995 5.535995 5.535995 5.535995 5.535995 5.535995 5.535995 5.535995 5.535995 5.535995 5.535995 5.535995 5.534358 5.215364 5.530903 5.535978 5.535613 5.535991 5.215242 5.532293 5.535544 5.215141 5.212707 5.52967 5.534048 5.533025 5.53176 5.530271 5.528561 5.526629 5.203812 5.195897 5.193287 5.512701 5.512527 5.51048 5.507063 5.182817 5.498049 5.173907 5.486852 5.48684 5.482208 5.477377 5.472358 5.467152 5.461765 5.456681 5.450462
-9999 -9999 -9999 -9999 -9999 -9999 -9999 -9999 -9999 -9999 -9999 -9999 -9999 5.521332 5.517387 5.515646 5.515628 5.515628 5.515628 5.515628 5.515628 5.515628 5.515628 5.515628 5.515628 5.515628 5.515628 5.515628 5.196992 5.511655 5.194847 5.512241 5.515628 5.515628 5.515213 5.515624 5.515626 5.515062 5.867771 5.196302 5.509833 5.512718 5.511477 5.510018 5.508341 5.506448 5.503975 5.181308 5.173264 5.492713 5.171897 5.48645 5.487263 5.483254 5.834481 5.158338 5.466109 5.46741 5.46288 5.45814 5.453214 5.448104 5.441113 5.437328 5.431713
-9999 -9999 -9999 -9999 -9999 -9999 -9999 -9999 -9999 -9999 -9999 -9999 -9999 -9999 -9999 -9999 5.497145 5.495459 5.49544 5.49544 5.49544 5.49544 5.49544 5.49544 5.49544 5.49544 5.49544 5.49544 5.84973 5.499442 5.495091 5.495436 5.49544 5.493844 5.49542 5.49544 5.495437 5.495299 5.17494 5.169774 5.489697 5.492587 5.49137 5.48994 5.486643 5.486421 5.484373 5.481673 5.157126 5.474768 5.151724 5.46674 5.467624 5.464122 5.460882 5.136115 5.128356 5.444313 5.4437 5.439048 5.434213 5.429198 5.104002 5.414708 5.413104
-9999 -9999 -9999 -9999 -9999 -9999 -9999 -9999 -9999 -9999 -9999 -9999 -9999 -9999 -9999 -9999 -9999 5.480996 5.475444 5.475426 5.475426 5.475426 5.475426 5.475426 5.475426 5.475426 5.475426 5.475426 5.475882 5.475431 5.475426 5.475426 5.475426 5.154689 5.471617 5.4772 5.475447 5.475288 5.474531 5.473991 5.473606 5.472629 5.471436 5.470033 5.146447 5.462885 5.464573 5.460705 5.139015 5.807529 5.136408 5.447197 5.448144 5.444709 5.441079 5.436772 5.432782 5.429044 5.424667 5.4201 5.415354 5.41043 5.404854 5.400056 5.394627
-9999 -9999 -9999 -9999 -9999 -9999 -9999 -9999 -9999 -9999 -9999 -9999 -9999 -9999 -9999 -9999 -9999 -9999 -9999 5.455604 5.455584 5.455584 5.455584 5.455584 5.455584 5.455584 5.455584 5.455584 5.455584 5.455584 5.455584 5.455584 5.455584 5.455215 5.455579 5.810346 5.45997 5.455449 5.455109 5.454561 5.45216 5.452822 5.451671 5.450295 5.127939 5.443226 5.443362 5.122436 5.436212 5.438286 5.114309 5.427836 5.428821 5.42545 5.421888 5.416453 5.414181 5.410081 5.405779 5.401295 5.396635 5.3918 5.386794 5.381617 5.376279
-9999 -9999 -9999 -9999 -9999 -9999 -9999 -9999 -9999 -9999 -9999 -9999 -9999 -9999 -9999 -9999 -9999 -9999 -9999 5.44169 5.437659 5.435933 5.435912 5.435912 5.435912 5.435912 5.435912 5.435912 5.435912 5.435912 5.435912 5.435912 5.435912 5.435912 5.434284 5.436339 5.435916 5.43578 5.435445 5.434908 5.113927 5.429446 5.432074 5.430724 5.428745 5.427416 5.104789 5.419037 5.42097 5.418436 5.413613 5.412744 5.409653 5.406344 5.402848 5.077522 5.391314 5.391257 5.387033 5.382631 5.378055 5.373306 5.368389 5.363304 5.35806
-9999 -9999 -9999 -9999 -9999 -9999 -9999 -9999 -9999 -9999 -9999 -9999 -9999 -9999 -9999 -9999 -9999 -9999 -9999 -9999 -9999 5.422364 5.416425 5.416405 5.416405 5.416405 5.416405 5.416405 5.416405 5.416405 5.416405 5.416405 5.418142 5.416424 5.096043 5.412708 5.416404 5.416276 5.415948 5.415421 5.414235 5.413761 5.41264 5.411316 5.409793 5.408075 5.40577 5.404046 5.401749 5.399257 5.074706 5.391376 5.39066 5.387389 5.383957 5.058211 5.372554 5.372576 5.368428 5.364105 5.35961 5.354946 5.350116 5.34512 5.339968
-9999 -9999 -9999 -9999 -9999 -9999 -9999 -9999 -9999 -9999 -9999 -9999 -9999 -9999 -9999 -9999 -9999 -9999 -9999 -9999 -9999 -9999 -9999 5.39879 5.39708 5.398809 5.397082 5.397063 5.397063 5.397063 5.397063 5.397063 5.75364 5.401003 5.396621 5.397058 5.397061 5.396935 5.396614 5.396097 5.395383 5.394473 5.393368 5.392068 5.392347 5.388907 5.387009 5.384939 5.382679 5.380233 5.056892 5.724649 5.376249 5.368582 5.365211 5.039531 5.353943 5.354036 5.349962 5.345716 5.3413 5.338482 5.331996 5.327065 5.322002
-9999 -9999 -9999 -9999 -9999 -9999 -9999 -9999 -9999 -9999 -9999 -9999 -9999 -9999 -9999 -9999 -9999 -9999 -9999 -9999 -9999 -9999 -9999 -9999 5.383373 5.732679 5.383563 5.377899 5.377881 5.377881 5.377881 5.377881 5.733172 5.381806 5.377881 5.377881 5.377879 5.377756 5.377441 5.376933 5.376232 5.375339 5.374254 5.372979 5.726103 5.37395 5.368012 5.365981 5.363762 5.359717 5.358296 5.35657 5.353059 5.348295 5.346592 5.022655 5.335493 5.337417 5.331657 5.327462 5.323124 5.673275 5.318433 5.309136 5.304161
-9999 -9999 -9999 -9999 -9999 -9999 -9999 -9999 -9999 -9999 -9999 -9999 -9999 -9999 -9999 -9999 -9999 -9999 -9999 -9999 -9999 -9999 -9999 -9999 -9999 5.365158 5.715544 5.364372 5.360604 5.358876 5.358857 5.358857 5.359323 5.358861 5.358857 5.358857 5.360637 5.358755 5.358425 5.357926 5.359003 5.356382 5.355297 5.355818 5.353128 5.350986 5.349169 5.347175 5.343437 5.020905 5.336186 5.337378 5.334479 5.0112 5.324339 5.324216 5.321129 5.671913 5.317998 5.309341 5.305079 5.301148 5.296081 5.291333 5.286442
-9999 -9999 -9999 -9999 -9999 -9999 -9999 -9999 -9999 -9999 -9999 -9999 -9999 -9999 -9999 -9999 -9999 -9999 -9999 -9999 -9999 -9999 -9999 -9999 -9999 -9999 5.701082 5.700668 5.700596 5.345713 5.341678 5.34165 5.340007 5.339988 5.339988 5.339988 5.696127 5.344153 5.339564 5.339075 5.692882 5.341717 5.336493 5.689685 5.338073 5.332255 5.330477 5.328518 5.004398 5.001241 5.317692 5.318896 5.316049 5.312549 5.30983 5.306473 5.302941 5.299755 5.295387 5.291352 5.287164 5.282816 5.278313 5.273653 5.268845
-9999 -9999 -9999 -9999 -9999 -9999 -9999 -9999 -9999 -9999 -9999 -9999 -9999 -9999 -9999 -9999 -9999 -9999 -9999 -9999 -9999 -9999 -9999 -9999 -9999 -9999 5.682371 5.682371 5.682371 5.681915 5.681938 5.681966 5.327046 5.322971 5.321293 5.321272 5.676171 5.325425 5.320856 5.320375 5.320235 5.318874 5.317842 5.318939 5.315273 5.313678 5.311933 5.310009 4.999733 5.655583 5.307483 5.300557 5.29776 5.294793 5.291656 5.288353 5.284883 5.281248 5.277452 5.273493 5.269377 5.265103 5.260676 5.256095 5.251368
-9999 -9999 -9999 -9999 -9999 -9999 -9999 -9999 -9999 -9999 -9999 -9999 -9999 -9999 -9999 -9999 -9999 -9999 -9999 -9999 -9999 -9999 -9999 -9999 -9999 -9999 -9999 5.663806 5.663806 5.663806 5.663806 5.663806 5.663325 5.663349 5.308662 5.302727 5.303262 5.302598 5.302299 5.301827 5.301176 5.300346 5.301018 5.654352 5.301031 5.295249 5.293534 5.291644 5.289148 5.287906 5.284944 5.28236 5.279612 5.276696 5.273613 5.270367 5.266957 5.263384 5.259654 5.255763 5.251716 5.247515 5.243162 5.238658 5.23401
-9999 -9999 -9999 -9999 -9999 -9999 -9999 -9999 -9999 -9999 -9999 -9999 -9999 -9999 -9999 -9999 -9999 -9999 -9999 -9999 -9999 -9999 -9999 -9999 -9999 -9999 5.64539 5.64539 5.64539 5.64539 5.64539 5.64539 5.64539 5.64539 5.644871 5.290092 5.28431 5.284177 5.28389 5.283426 5.282786 5.281971 5.637525 5.640909 5.282725 5.276965 5.27528 5.273423 5.271395 5.2692 5.266833 5.2643 5.2616 5.258734 5.255705 5.252514 5.249162 5.245651 5.241983 5.238158 5.23418 5.23005 5.22577 5.221341 5.21677
-9999 -9999 -9999 -9999 -9999 -9999 -9999 -9999 -9999 -9999 -9999 -9999 -9999 -9999 -9999 -9999 -9999 -9999 -9999 -9999 -9999 -9999 -9999 -9999 -9999 -9999 -9999 -9999 -9999 -9999 -9999 -9999 -9999 5.627119 5.627119 5.626629 5.272182 5.267654 5.267344 5.265189 5.264542 5.263741 5.618113 5.622702 5.266273 5.258842 5.257166 5.255342 5.253349 5.251192 5.248867 5.246377 5.243723 5.240907 5.237929 5.234793 5.231498 5.228046 5.22444 5.22068 5.216768 5.212706 5.208497 5.205885 5.199669
-9999 -9999 -9999 -9999 -9999 -9999 -9999 -9999 -9999 -9999 -9999 -9999 -9999 -9999 -9999 -9999 -9999 -9999 -9999 -9999 -9999 -9999 -9999 -9999 -9999 -9999 -9999 -9999 -9999 -9999 -9999 -9999 -9999 -9999 -9999 -9999 -9999 -9999 5.608084 5.252726 5.24817 5.245673 5.245193 5.598588 5.601137 5.244913 5.239192 5.2374 5.235441 5.233321 5.231036 5.228588 5.22598 5.223211 5.220284 5.217201 5.213961 5.210567 5.207022 5.203324 5.199477 5.195483 5.191343 5.5415 5.18728
-9999 -9999 -9999 -9999 -9999 -9999 -9999 -9999 -9999 -9999 -9999 -9999 -9999 -9999 -9999 -9999 -9999 -9999 -9999 -9999 -9999 -9999 -9999 -9999 -9999 -9999 -9999 -9999 -9999 -9999 -9999 -9999 -9999 -9999 -9999 -9999 -9999 -9999 -9999 -9999 -9999 5.233585 5.228437 5.226245 5.22493 5.222961 5.221356 5.219594 5.217669 5.215585 5.215046 5.210956 5.208368 5.205646 5.202768 5.199737 5.196551 5.193214 5.189727 5.18609 5.182307 5.178378 5.174305 5.170652 5.165748
-9999 -9999 -9999 -9999 -9999 -9999 -9999 -9999 -9999 -9999 -9999 -9999 -9999 -9999 -9999 -9999 -9999 -9999 -9999 -9999 -9999 -9999 -9999 -9999 -9999 -9999 -9999 -9999 -9999 -9999 -9999 -9999 -9999 -9999 -9999 -9999 -9999 -9999 -9999 -9999 -9999 -9999 -9999 5.213972 5.206658 5.205227 5.203655 5.201922 5.20003 5.197981 5.550277 5.198009 5.190886 5.18821 5.18538 5.182398 5.179265 5.175983 5.172554 5.168977 5.165255 5.16139 5.157384 5.153237 5.148957
-9999 -9999 -9999 -9999 -9999 -9999 -9999 -9999 -9999 -9999 -9999 -9999 -9999 -9999 -9999 -9999 -9999 -9999 -9999 -9999 -9999 -9999 -9999 -9999 -9999 -9999 -9999 -9999 -9999 -9999 -9999 -9999 -9999 -9999 -9999 -9999 -9999 -9999 -9999 -9999 -9999 -9999 -9999 -9999 -9999 5.187633 5.186087 5.184384 5.182524 5.180509 5.178905 5.176019 5.173532 5.1709 5.168117 5.165184 5.162103 5.158875 5.155502 5.153691 5.148341 5.144518 5.140577 5.136496 5.132284
-9999 -9999 -9999 -9999 -9999 -9999 -9999 -9999 -9999 -9999 -9999 -9999 -9999 -9999 -9999 -9999 -9999 -9999 -9999 -9999 -9999 -9999 -9999 -9999 -9999 -9999 -9999 -9999 -9999 -9999 -9999 -9999 -9999 -9999 -9999 -9999 -9999 -9999 -9999 -9999 -9999 -9999 -9999 -9999 -9999 5.170171 5.168651 5.166976 5.165146 5.163165 5.161029 5.158742 5.156303 5.153715 5.150977 5.148093 5.145062 5.141886 5.138567 5.489434 5.137491 5.129433 5.123904 5.119867 5.115721
-9999 -9999 -9999 -9999 -9999 -9999 -9999 -9999 -9999 -9999 -9999 -9999 -9999 -9999 -9999 -9999 -9999 -9999 -9999 -9999 -9999 -9999 -9999 -9999 -9999 -9999 -9999 -9999 -9999 -9999 -9999 -9999 -9999 -9999 -9999 -9999 -9999 -9999 -9999 -9999 -9999 -9999 -9999 -9999 5.160089 5.152857 5.151343 5.149696 5.147897 5.145948 5.143848 5.141598 5.139199 5.136652 5.13396 5.131123 5.12814 5.125016 5.123489 5.118962 5.469322 5.469998 5.111773 5.103347 5.099267
-9999 -9999 -9999 -9999 -9999 -9999 -9999 -9999 -9999 -9999 -9999 -9999 -9999 -9999 -9999 -9999 -9999 -9999 -9999 -9999 -9999 -9999 -9999 -9999 -9999 -9999 -9999 -9999 -9999 -9999 -9999 -9999 -9999 -9999 -9999 -9999 -9999 -9999 -9999 -9999 -9999 -9999 -9999 -9999 -9999 5.141352 5.134181 5.132544 5.130774 5.128857 5.126791 5.124578 5.122218 5.121376 5.117083 5.114272 5.111338 5.109907 5.460938 5.107837 5.100465 5.095165 5.092528 5.08862 5.084673
-9999 -9999 -9999 -9999 -9999 -9999 -9999 -9999 -9999 -9999 -9999 -9999 -9999 -9999 -9999 -9999 -9999 -9999 -9999 -9999 -9999 -9999 -9999 -9999 -9999 -9999 -9999 -9999 -9999 -9999 -9999 -9999 -9999 -9999 -9999 -9999 -9999 -9999 -9999 -9999 -9999 -9999 -9999 -9999 -9999 -9999 -9999 5.117181 5.11541 5.113594 5.11153 5.109423 -9999 -9999 -9999 -9999 -9999 -9999 -9999 5.44565 5.442237 5.083986 5.430458 5.431132 5.427108
