hazard/lembang_6.8_shakemap.asc
ncols         599
nrows         337
xllcorner     105.3000035
yllcorner     -8.3749995
cellsize      0.008333
NODATA_value  -9999
[rows 58 to 86 of 337, columns 65 to 129 of 599]
-9999 -9999 -9999 -9999 -9999 -9999 -9999 -9999 -9999 4.717407 4.721107 4.724598 4.586264 4.587847 4.591589 4.596934 4.600966 4.746717 4.751131 4.754932 4.758749 4.762578 4.766417 4.768686 4.774129 4.778011 4.781899 4.785798 4.787956 4.64986 4.653131 4.657079 4.661219 4.808799 4.813429 4.817424 4.821431 4.82545 4.829482 4.833526 4.837581 4.841648 4.845727 4.849818 4.853922 4.858037 4.862164 4.866302 4.870452 4.87461 4.878785 4.882969 4.887167 4.891376 4.895598 4.899829 4.904073 4.908328 4.912594 4.916873 4.921162 4.925462 4.929772 4.934095 4.938424
-9999 -9999 -9999 -9999 -9999 -9999 4.707963 4.711643 4.715335 4.719036 4.721167 4.72647 4.728387 4.590168 4.593504 4.739331 4.745281 4.749083 4.75289 4.755122 4.758949 4.764378 4.768061 4.628519 4.773788 4.778289 4.782197 4.787488 4.647903 4.652722 4.655097 4.659056 4.663214 4.810813 4.815461 4.819475 4.8235 4.827539 4.83159 4.835654 4.839728 4.843816 4.847916 4.852027 4.856152 4.860288 4.864437 4.868597 4.872769 4.87695 4.881146 4.885354 4.889575 4.893808 4.898053 4.902309 4.906578 4.910858 4.915149 4.919452 4.923768 4.928094 4.932431 4.93678 4.941136
-9999 -9999 -9999 -9999 -9999 4.705858 4.709539 4.713233 4.716935 4.718818 4.580777 4.725707 4.588004 4.591199 4.594976 4.599 4.744864 4.750805 4.752822 4.614695 4.618083 4.763875 4.768278 4.63014 4.633394 4.637302 4.641415 4.787174 4.649971 4.796645 4.65926 4.662611 4.666786 4.812817 4.817476 4.821509 4.825554 4.829612 4.833682 4.837766 4.84186 4.845968 4.850088 4.85422 4.858366 4.862523 4.866693 4.870875 4.87507 4.879272 4.883492 4.887723 4.891967 4.896224 4.900493 4.904773 4.909065 4.913371 4.917686 4.922016 4.926357 4.930709 4.935073 4.939449 4.943832
-9999 -9999 -9999 -9999 -9999 4.707408 4.711102 4.714806 4.716731 4.578371 4.581559 4.585313 4.58908 4.592857 4.596648 4.600451 4.604517 4.750132 4.612515 4.615778 4.619642 4.623517 4.627405 4.631307 4.635221 4.639145 4.643083 4.647034 4.651161 4.797176 4.803394 4.807402 4.811415 4.815442 4.819476 4.823527 4.827591 4.831668 4.835758 4.839861 4.843976 4.848103 4.852244 4.856397 4.860563 4.864742 4.868933 4.873137 4.877354 4.881579 4.885821 4.890075 4.894342 4.898622 4.902915 4.907219 4.911536 4.915866 4.920208 4.924562 4.928929 4.933308 4.937698 4.942101 4.946511
-9999 -9999 -9999 -9999 -9999 4.708943 4.712648 4.714593 4.576247 4.579406 4.583159 4.58551 4.589286 4.594494 4.598306 4.602123 4.605952 4.609793 4.613647 4.61751 4.621389 4.62528 4.629184 4.633101 4.637031 4.640972 4.644927 4.648894 4.652874 4.657049 4.80311 4.809325 4.813362 4.817407 4.821459 4.82553 4.829612 4.833708 4.837818 4.84194 4.846074 4.850222 4.854383 4.858556 4.862744 4.866943 4.871157 4.875381 4.87962 4.883868 4.888133 4.892409 4.8967 4.901003 4.90532 4.909648 4.91399 4.918344 4.922711 4.927092 4.931484 4.935889 4.940305 4.944735 4.949173
-9999 -9999 -9999 -9999 -9999 4.710462 4.712427 4.574094 4.577222 4.580979 4.584566 4.45858 4.463459 4.594134 4.598526 4.603774 4.607624 4.611479 4.615348 4.619226 4.623121 4.627027 4.630947 4.63488 4.638824 4.641365 4.645331 4.650735 4.656302 4.658753 4.662971 4.810643 4.815293 4.819356 4.823427 4.827516 4.831616 4.835732 4.83986 4.844002 4.848156 4.852324 4.856505 4.860699 4.864907 4.869128 4.873363 4.877609 4.88187 4.88614 4.890427 4.894726 4.89904 4.903367 4.907708 4.91206 4.916426 4.920805 4.925197 4.929603 4.934021 4.938452 4.942895 4.947351 4.951816
-9999 -9999 -9999 -9999 -9999 4.71174 4.571916 4.575007 4.577365 4.582532 4.586143 4.461757 4.593206 4.469229 4.472677 4.604906 4.60928 4.61315 4.617034 4.620927 4.624836 4.628758 4.632694 4.636642 4.640417 4.516107 4.521198 4.653771 4.798617 4.662816 4.664853 4.812543 4.817207 4.821288 4.825377 4.829484 4.833604 4.837739 4.841886 4.846047 4.850221 4.854409 4.85861 4.862824 4.867053 4.871295 4.875551 4.879819 4.884102 4.888394 4.892703 4.897026 4.901362 4.905713 4.910077 4.914454 4.918844 4.923248 4.927664 4.932096 4.93654 4.940997 4.945466 4.94995 4.954441
-9999 -9999 -9999 -9999 4.709726 4.711681 4.573413 4.576344 4.451935 4.583585 4.587877 4.591683 4.594105 4.599334 4.603188 4.607048 4.61092 4.614806 4.618704 4.622612 4.626536 4.630474 4.634424 4.638389 4.642367 4.646523 4.792593 4.797058 4.66081 4.804504 4.66733 4.812871 4.819098 4.823203 4.827311 4.831436 4.835575 4.839727 4.843894 4.848075 4.852268 4.856476 4.860697 4.864932 4.869182 4.873445 4.877722 4.882011 4.886316 4.890629 4.894962 4.899306 4.903666 4.908041 4.912428 4.916828 4.921244 4.925672 4.930113 4.93457 4.93904 4.943523 4.948019 4.952529 4.957048
-9999 -9999 -9999 4.70746 4.709431 4.57107 4.574257 4.578029 4.581812 4.585609 4.589417 4.591643 4.467302 4.601894 4.604791 4.608659 4.612545 4.616445 4.620358 4.624282 4.629773 4.63373 4.636147 4.640119 4.644113 4.648118 4.652139 4.656374 4.802248 4.664938 4.668356 4.672658 4.818759 4.825094 4.829227 4.833371 4.837527 4.841699 4.845885 4.850085 4.854297 4.858525 4.862767 4.867021 4.871292 4.875576 4.879874 4.884185 4.888511 4.892847 4.897202 4.901569 4.905952 4.910349 4.914761 4.919185 4.923624 4.928077 4.932544 4.937026 4.941521 4.94603 4.950552 4.955089 4.959635
-9999 -9999 -9999 4.707112 4.5688 4.571961 4.575731 4.579515 4.583313 4.58712 4.589386 4.466204 4.469964 4.744 4.606964 4.610251 4.612766 4.616676 4.621991 4.626107 4.772164 4.776601 4.638503 4.641832 4.645842 4.649864 4.6539 4.65795 4.662014 4.666092 4.670184 4.67429 4.678578 4.826344 4.831125 4.835287 4.839462 4.843653 4.847857 4.852077 4.856308 4.860556 4.864818 4.869092 4.873384 4.877688 4.882008 4.88634 4.890687 4.895046 4.899423 4.903812 4.908218 4.912639 4.917074 4.921522 4.925985 4.930463 4.934954 4.939462 4.943983 4.948518 4.953066 4.95763 4.962204
-9999 -9999 -9999 4.566413 4.569639 4.574942 4.577198 4.580987 4.584797 4.588407 4.464084 4.594387 4.600159 4.602653 4.606536 4.610236 4.485737 4.490746 4.623096 4.627569 4.631537 4.634136 4.639512 4.643529 4.647556 4.653126 4.655652 4.659711 4.663791 4.667886 4.671995 4.676118 4.680422 4.826673 4.832998 4.837186 4.84138 4.845589 4.849812 4.85405 4.858302 4.862568 4.86685 4.871145 4.875456 4.879782 4.884122 4.888476 4.892846 4.897225 4.901624 4.906037 4.910465 4.914909 4.919367 4.923839 4.928327 4.932829 4.937346 4.941877 4.946424 4.950985 4.95556 4.96015 4.964751
-9999 -9999 4.706205 4.567815 4.57126 4.716949 4.58081 4.58245 4.586266 4.590102 4.593775 4.468044 4.599584 4.475649 4.478982 4.482901 4.488439 4.622252 4.626765 4.630732 4.634541 4.508844 4.640583 4.646744 4.650996 4.796904 4.659557 4.662997 4.667091 4.669671 4.675321 4.677934 4.682081 4.686437 4.83415 4.839067 4.843278 4.847506 4.851748 4.856005 4.860276 4.864563 4.868864 4.873179 4.877511 4.881856 4.886218 4.890593 4.894984 4.899385 4.903807 4.908242 4.912693 4.91716 4.921641 4.926137 4.930649 4.935175 4.939716 4.944274 4.948846 4.953433 4.958034 4.962651 4.967278
-9999 -9999 4.565464 4.568684 4.573979 4.577997 4.722169 4.58449 4.587719 4.591568 4.595257 4.469341 4.472699 4.47797 4.481893 4.486023 4.620162 4.766674 4.77125 4.775231 4.779043 4.641022 4.643001 4.789159 4.795361 4.799435 4.802004 4.807611 4.810061 4.672241 4.817672 4.680304 4.683892 4.689777 4.836006 4.840929 4.845159 4.849404 4.853665 4.857942 4.862231 4.866538 4.870858 4.875194 4.879546 4.883912 4.888294 4.89269 4.897102 4.901526 4.905969 4.910427 4.9149 4.91939 4.923895 4.928414 4.93295 4.937501 4.942067 4.946649 4.951246 4.955859 4.960486 4.96513 4.969784
-9999 4.562999 4.567793 4.57031 4.716168 4.720353 4.58363 4.585316 4.589156 4.593018 4.596722 4.472191 4.477287 4.609555 4.614051 4.618214 4.764334 4.768836 4.772821 4.776817 4.78083 4.784708 4.645129 4.6487 4.796424 4.799436 4.661588 4.807002 4.6697 4.673162 4.678838 4.683016 4.685854 4.83369 4.838539 4.842772 4.84702 4.851285 4.855564 4.859859 4.864168 4.868493 4.872834 4.877188 4.88156 4.885948 4.89035 4.894767 4.899201 4.903646 4.908111 4.912591 4.917087 4.9216 4.926128 4.930671 4.935231 4.939806 4.944396 4.949003 4.953626 4.958264 4.962918 4.967588 4.972269
-9999 4.564604 4.709762 4.571939 4.57522 4.579258 4.724972 4.587323 4.590578 4.594451 4.59834 4.603964 4.750041 4.754521 4.758464 4.762421 4.766392 4.770376 4.774375 4.778385 4.782413 4.786305 4.646741 4.650328 4.797867 4.659012 4.663963 4.666584 4.670723 4.676571 4.822881 4.827482 4.689804 4.835486 4.840345 4.844597 4.848863 4.853145 4.857443 4.861756 4.866084 4.870429 4.874789 4.879164 4.883555 4.887963 4.892386 4.896824 4.901279 4.905746 4.910233 4.914734 4.919253 4.923789 4.92834 4.932906 4.93749 4.942089 4.946703 4.951336 4.955984 4.960648 4.965327 4.970024 4.974731
4.561904 4.565169 4.568959 4.572763 4.576576 4.580408 4.584251 4.58811 4.591984 4.597371 4.60146 4.74754 4.752048 4.75599 4.759946 4.763916 4.767901 4.771899 4.775912 4.779934 4.782477 4.786382 4.648324 4.651931 4.797999 4.660796 4.807727 4.670358 4.674066 4.820378 4.825217 4.829424 4.833646 4.837884 4.842133 4.846402 4.850686 4.854986 4.859302 4.863634 4.867981 4.872344 4.876724 4.881119 4.88553 4.889958 4.894402 4.89886 4.903337 4.907824 4.912333 4.916857 4.921398 4.925956 4.930531 4.93512 4.939727 4.944351 4.94899 4.953647 4.95832 4.963009 4.967715 4.972437 4.977171
4.563194 4.566475 4.570276 4.574092 4.577917 4.58176 4.585615 4.589486 4.59358 4.739665 4.745613 4.749547 4.753487 4.757441 4.761411 4.765394 4.769392 4.773402 4.775929 4.779795 4.641699 4.645156 4.649243 4.653345 4.657461 4.661747 4.808034 4.812832 4.817008 4.821203 4.826911 4.831141 4.83538 4.839635 4.843901 4.848187 4.852489 4.856807 4.861141 4.865492 4.869857 4.87424 4.878639 4.883053 4.887485 4.891932 4.896396 4.900876 4.905373 4.909882 4.914412 4.918958 4.923522 4.928102 4.9327 4.937312 4.941943 4.94659 4.951253 4.955935 4.960634 4.965349 4.970079 4.974828 4.979589
4.563966 4.567765 4.571578 4.575405 4.579241 4.583096 4.586963 4.590846 4.594742 4.598882 4.744898 4.750949 4.754909 4.758873 4.761356 4.765347 4.769359 4.773193 4.635062 4.638544 4.642615 4.6467 4.650801 4.654917 4.659049 4.663194 4.667357 4.671534 4.675726 4.680102 4.826478 4.831334 4.837088 4.841366 4.845649 4.849953 4.854272 4.858608 4.86296 4.86733 4.871714 4.876115 4.880533 4.884966 4.889418 4.893886 4.89837 4.90287 4.907388 4.911918 4.91647 4.921037 4.925623 4.930225 4.934846 4.939482 4.944136 4.948807 4.953495 4.958201 4.962924 4.967665 4.972421 4.977196 4.981983
4.565229 4.56904 4.572863 4.576704 4.582032 4.584421 4.588294 4.592188 4.596097 4.600019 4.604138 4.751764 4.75631 4.758634 4.620436 4.623858 4.627883 4.631922 4.635976 4.640041 4.644126 4.648225 4.65234 4.656471 4.660618 4.664779 4.668956 4.673149 4.677356 4.681581 4.685822 4.690277 4.836645 4.841589 4.847371 4.851699 4.856035 4.860389 4.864759 4.869146 4.873549 4.877969 4.882406 4.886858 4.89133 4.895817 4.900321 4.904842 4.909381 4.913932 4.918505 4.923094 4.927702 4.932327 4.93697 4.941629 4.946307 4.951002 4.955713 4.960444 4.965192 4.969957 4.97474 4.97954 4.984354
4.566476 4.570297 4.574132 4.578222 4.725492 4.586278 4.589609 4.593514 4.597435 4.601369 4.605498 4.751654 4.755991 4.61787 4.619919 4.623939 4.629314 4.632034 4.637436 4.641521 4.645619 4.649732 4.653862 4.658007 4.662168 4.666344 4.670536 4.674744 4.678967 4.683208 4.687464 4.691737 4.696024 4.700503 4.846896 4.853417 4.857778 4.862149 4.866537 4.870942 4.875363 4.879802 4.884258 4.88873 4.89322 4.897727 4.902252 4.906793 4.911352 4.915924 4.920518 4.925129 4.929759 4.934405 4.939071 4.943753 4.948453 4.953172 4.957908 4.962663 4.967435 4.972226 4.977034 4.98186 4.9867
4.567707 4.571539 4.575384 4.579484 4.725285 4.587559 4.590906 4.594823 4.598755 4.602702 4.606662 4.610638 4.614629 4.618476 4.494036 4.49773 4.628717 4.505019 4.637033 4.642974 4.647093 4.65122 4.655364 4.659523 4.663699 4.667889 4.672096 4.67632 4.680558 4.684814 4.689086 4.693375 4.697679 4.702 4.706469 4.852973 4.859492 4.863888 4.868294 4.872715 4.875675 4.881606 4.886088 4.890579 4.895089 4.899615 4.90416 4.90872 4.913301 4.917893 4.922508 4.92714 4.931792 4.936461 4.941149 4.945854 4.950577 4.955319 4.960078 4.964858 4.969655 4.97447 4.979303 4.984156 4.989021
4.570387 4.572769 4.57662 4.580492 4.584373 4.588272 4.592185 4.596115 4.600058 4.604017 4.607989 4.611977 4.61598 4.619996 4.622707 4.627884 4.502121 4.505725 4.510004 4.643839 4.648548 4.652689 4.656845 4.659696 4.665205 4.669415 4.673637 4.677875 4.682129 4.6864 4.690689 4.694993 4.699313 4.703651 4.708001 4.712522 4.860446 4.865606 4.870029 4.874312 4.736804 4.882717 4.887896 4.892406 4.896935 4.901481 4.906045 4.910626 4.915226 4.919839 4.924476 4.929129 4.933802 4.938493 4.943203 4.94793 4.952677 4.957442 4.962225 4.967028 4.97185 4.97669 4.981548 4.986426 4.991318
4.712344 4.574442 4.577839 4.581721 4.585613 4.589524 4.593449 4.597389 4.601344 4.605314 4.609298 4.613298 4.617313 4.621189 4.49692 4.627438 4.503502 4.508445 4.511418 4.645261 4.649982 4.652814 4.65684 4.532713 4.664844 4.66959 4.673827 4.678082 4.683673 4.687967 4.69227 4.69659 4.700926 4.70528 4.709647 4.714182 4.860662 4.867295 4.871744 4.876202 4.880677 4.88517 4.889682 4.89421 4.898758 4.903324 4.907907 4.912508 4.917128 4.921762 4.926419 4.931094 4.935788 4.940501 4.945233 4.949983 4.954752 4.95954 4.964346 4.969174 4.97402 4.978884 4.983768 4.988671 4.993588
4.571299 4.57384 4.579036 4.582934 4.586837 4.590756 4.593369 4.597314 4.601283 4.606586 4.609264 4.613272 4.618623 4.62267 4.626555 4.500809 4.504601 4.636964 4.514635 4.646671 4.65124 4.525698 4.529258 4.53346 4.537679 4.541912 4.546163 4.550596 4.683271 4.688183 4.693825 4.698166 4.702518 4.706888 4.711271 4.715676 4.72021 4.86826 4.873435 4.877912 4.882404 4.886916 4.891445 4.895992 4.900559 4.905144 4.909747 4.914367 4.919007 4.923661 4.928339 4.933034 4.93775 4.942484 4.947238 4.95201 4.956802 4.961614 4.966444 4.971294 4.976164 4.981053 4.985961 4.99089 4.995831
4.570941 4.447812 4.581191 4.584135 4.588041 4.590483 4.467299 4.470702 4.473552 4.607177 4.481915 4.485563 4.618126 4.623972 4.627882 4.503449 4.507056 4.511334 4.643983 4.648631 4.651332 4.5271 4.530683 4.534898 4.539131 4.543378 4.547644 4.551926 4.556224 4.560683 4.694822 4.699722 4.70409 4.708475 4.712874 4.717295 4.721842 4.868469 4.875098 4.879599 4.884109 4.888638 4.893186 4.897751 4.902337 4.90694 4.911562 4.916203 4.920862 4.925536 4.930234 4.93495 4.939687 4.944443 4.949219 4.954013 4.958827 4.963661 4.968514 4.973389 4.978282 4.983196 4.988129 4.993083 4.998004
4.443786 4.577331 4.723631 4.585811 4.587756 4.464668 4.596569 4.600944 4.476597 4.608428 4.484478 4.486661 4.490897 4.623401 4.629347 4.634897 4.637568 4.641692 4.645838 4.649855 4.524229 4.527874 4.532087 4.536317 4.541871 4.54483 4.549103 4.553401 4.557713 4.562185 4.695032 4.701251 4.705639 4.710041 4.714457 4.72034 4.723355 4.727945 4.876074 4.881263 4.88579 4.890337 4.894903 4.899487 4.90409 4.908713 4.913354 4.918014 4.922693 4.927387 4.932106 4.936842 4.941599 4.946377 4.951174 4.95599 4.960827 4.965684 4.970559 4.975457 4.980374 4.985312 4.990269 4.995245 4.995674
4.446225 4.578216 4.582544 4.586257 4.460604 4.593857 4.598324 4.602309 4.606308 4.610324 4.614198 4.489732 4.491971 4.496194 4.628982 4.776971 4.639386 4.643012 4.647171 4.6512 4.525587 4.529246 4.533471 4.537864 4.670463 4.546844 4.550543 4.554853 4.559181 4.563528 4.568049 4.70225 4.707167 4.711584 4.716142 4.86265 4.727129 4.731006 4.876258 4.882898 4.887449 4.892014 4.896597 4.901198 4.905821 4.910461 4.915122 4.9198 4.9245 4.929213 4.933951 4.938709 4.943487 4.948285 4.953104 4.957942 4.9628 4.96768 4.972578 4.977499 4.98244 4.987401 4.992383 4.997385 5.001063
4.575856 4.579759 4.583677 4.587406 4.463042 4.593736 4.599492 4.602199 4.606206 4.611526 4.615571 4.61946 4.494986 4.497301 4.501567 4.635525 4.64159 4.644318 4.648483 4.652528 4.526921 4.530596 4.534834 4.539091 4.543364 4.547653 4.55196 4.556285 4.560627 4.56499 4.570814 4.703749 4.708673 4.713105 4.717551 4.722162 4.8702 4.875332 4.736348 4.882453 4.889077 4.893666 4.898267 4.902886 4.907526 4.910755 4.916859 4.921562 4.926281 4.931014 4.935772 4.940549 4.945348 4.950167 4.955008 4.959867 4.964747 4.969649 4.97457 4.979514 4.984478 4.989463 4.994469 4.999472 5.006383
4.576949 4.579572 4.584788 4.588736 4.592527 4.468141 4.599951 4.4747 4.47836 4.610949 4.616765 4.620838 4.623443 4.499078 4.502812 4.63698 4.783695 4.646178 4.649776 4.653834 4.529531 4.531932 4.536178 4.540447 4.544733 4.549036 4.553357 4.557696 4.562054 4.567859 4.700776 4.705728 4.710155 4.714603 4.719066 4.725122 4.871753 4.876894 4.737792 4.743261 4.889981 4.895295 4.899913 4.90455 4.909082 4.770249 4.916525 4.923293 4.928037 4.932789 4.937568 4.942365 4.947184 4.952024 4.956884 4.961765 4.966667 4.971591 4.976534 4.981501 4.986488 4.991497 4.996524 4.998998 5.011617
