hazard/lembang_6.8_shakemap.asc
ncols         599
nrows         337
xllcorner     105.300005
yllcorner     -8.374998
cellsize      0.00833
NODATA_value  -9999
[rows 87 to 115 of 337, columns 195 to 259 of 599]
5.979908 5.99589 6.011873 6.02787 6.04385 6.059818 6.075774 6.091726 6.107641 6.12353 6.139387 6.155219 6.170994 6.186719 6.202392 6.218016 6.233557 6.249023 6.264422 6.279719 6.294917 6.31001 6.325004 6.339862 6.354592 6.369181 6.383634 6.397915 6.412028 6.425964 6.439723 6.453269 6.466605 6.479731 6.492614 6.505251 6.517632 6.529756 6.541589 6.553131 6.564368 6.575299 6.585891 6.596142 6.606042 6.615585 6.624743 6.633512 6.641889 6.649848 6.657383 6.664486 6.671154 6.677363 6.683111 6.688388 6.693193 6.697535 6.70136 6.704686 6.707511 6.709827 6.711632 6.712923 6.713694
5.992823 6.00901 6.025203 6.041414 6.057611 6.073799 6.089979 6.10616 6.122307 6.138431 6.154526 6.170601 6.186622 6.202597 6.218522 6.234402 6.250203 6.265932 6.281596 6.297163 6.312632 6.328 6.34327 6.358408 6.373419 6.388291 6.40303 6.417598 6.431999 6.446224 6.460272 6.474108 6.487733 6.501148 6.514319 6.527243 6.539909 6.552316 6.564429 6.576248 6.587759 6.598958 6.609815 6.620325 6.630477 6.640266 6.649663 6.658663 6.667263 6.675435 6.683173 6.690471 6.69735 6.703732 6.70964 6.71507 6.720098 6.724832 6.728827 6.732253 6.735161 6.737545 6.739403 6.740732 6.741526
6.005647 6.022041 6.038446 6.054872 6.071288 6.087699 6.104105 6.120516 6.136897 6.153259 6.169595 6.185916 6.202186 6.218413 6.234595 6.250735 6.266799 6.282795 6.298729 6.314569 6.330315 6.345962 6.361515 6.376938 6.392236 6.407397 6.422427 6.437288 6.451983 6.466504 6.480848 6.494981 6.508903 6.522615 6.536082 6.5493 6.56226 6.574958 6.587359 6.599464 6.611257 6.622734 6.633863 6.64464 6.655055 6.665098 6.674741 6.683979 6.692809 6.701229 6.709185 6.716771 6.724107 6.73073 6.736813 6.742481 6.747961 6.7514 6.755486 6.759022 6.762022 6.76448 6.766396 6.767767 6.768588
6.018377 6.034981 6.051598 6.068241 6.084877 6.101512 6.118147 6.13479 6.151407 6.16801 6.18459 6.201159 6.217681 6.234164 6.250606 6.267009 6.28334 6.299608 6.315817 6.331934 6.347961 6.363892 6.379733 6.395445 6.411036 6.426493 6.44182 6.456981 6.471977 6.486799 6.501448 6.515884 6.530111 6.544127 6.557899 6.57142 6.584681 6.597679 6.610377 6.622776 6.634859 6.646623 6.658034 6.669086 6.679771 6.690075 6.699973 6.70949 6.718649 6.727565 6.735881 6.744043 6.750031 6.756835 6.763111 6.768916 6.771341 6.728483 6.729694 6.733347 6.736423 6.738942 6.740906 6.742311 6.743152
6.031009 6.047822 6.064654 6.081515 6.098373 6.115235 6.1321 6.148978 6.165833 6.182679 6.199506 6.216326 6.233102 6.249845 6.26655 6.28322 6.299822 6.316364 6.332852 6.349251 6.365564 6.381784 6.397918 6.413926 6.429815 6.445573 6.461205 6.476671 6.491974 6.507107 6.522065 6.536814 6.551353 6.565682 6.579765 6.593597 6.607168 6.620475 6.633479 6.64618 6.658562 6.670621 6.682321 6.693659 6.70465 6.715231 6.725487 6.7356 6.745459 6.752975 6.761522 6.767201 6.726093 6.730631 6.737108 6.743016 6.748422 6.752081 6.756764 6.760585 6.763759 6.766358 6.768384 6.769835 6.770701
6.043535 6.060559 6.077606 6.094687 6.111769 6.128858 6.145955 6.163069 6.180165 6.197256 6.214332 6.231405 6.248439 6.265444 6.282415 6.299356 6.316233 6.333054 6.349824 6.36651 6.383113 6.399628 6.416059 6.432368 6.448561 6.464626 6.480567 6.496346 6.511963 6.527411 6.542688 6.557756 6.572615 6.587265 6.601669 6.61582 6.629709 6.643332 6.656649 6.669661 6.682379 6.694753 6.706746 6.71847 6.730006 6.741015 6.751977 6.760633 6.768331 6.728336 6.734918 6.743178 6.749521 6.757111 6.763814 6.769901 6.775507 6.780801 6.785314 6.789165 6.792432 6.795112 6.797201 6.798696 6.799589
6.05595 6.073186 6.090449 6.107751 6.125058 6.142376 6.159707 6.177059 6.194398 6.211735 6.229063 6.246392 6.263687 6.280956 6.298196 6.315412 6.332567 6.349669 6.366727 6.383704 6.400602 6.417415 6.434149 6.450764 6.467267 6.483645 6.499903 6.515999 6.531935 6.547707 6.563336 6.578709 6.593891 6.608872 6.623604 6.638081 6.652299 6.666271 6.679917 6.693339 6.706643 6.719475 6.731779 6.744226 6.754231 6.765602 6.774636 6.735439 6.743497 6.751509 6.760891 6.769426 6.777618 6.785067 6.791887 6.798151 6.803864 6.809029 6.813582 6.817545 6.820914 6.823677 6.825831 6.827372 6.828292
6.068249 6.085699 6.103179 6.120702 6.138235 6.155785 6.17335 6.190942 6.208526 6.226111 6.243692 6.261281 6.278838 6.296375 6.313888 6.33138 6.348817 6.366206 6.383554 6.400826 6.418024 6.43514 6.452182 6.469109 6.485927 6.502624 6.519203 6.535622 6.551886 6.568097 6.584263 6.599794 6.615194 6.630493 6.64556 6.660391 6.675084 6.689645 6.703812 6.7181 6.730091 6.742739 6.75577 6.766531 6.728291 6.738176 6.74936 6.758415 6.769097 6.779119 6.788359 6.796996 6.805143 6.812716 6.819735 6.826192 6.832077 6.837368 6.842061 6.846148 6.849622 6.852471 6.854693 6.856282 6.857231
6.080424 6.098087 6.115786 6.133532 6.151291 6.169073 6.186874 6.204709 6.222538 6.240374 6.258211 6.27606 6.293883 6.31169 6.329478 6.34725 6.364972 6.38265 6.400293 6.417864 6.435365 6.45279 6.470145 6.487389 6.504528 6.521549 6.538454 6.555203 6.571971 6.589235 6.603697 6.621115 6.636731 6.652138 6.667553 6.68303 6.698529 6.712081 6.726577 6.739651 6.705142 6.69909 6.728411 6.741494 6.751605 6.763155 6.77445 6.785617 6.796131 6.806079 6.815486 6.824372 6.832731 6.840531 6.847765 6.85442 6.860486 6.865942 6.870782 6.874996 6.87858 6.881519 6.883811 6.885452 6.886431
6.092469 6.110347 6.128264 6.146234 6.164222 6.182236 6.200275 6.218352 6.236428 6.254517 6.272612 6.290723 6.308814 6.326893 6.344959 6.363015 6.381024 6.398996 6.416937 6.434811 6.45262 6.470358 6.488029 6.505595 6.52306 6.540411 6.557651 6.574852 6.592648 6.606863 6.569713 6.631284 6.658182 6.673979 6.689879 6.705929 6.712228 6.682401 6.687943 6.693844 6.561054 6.535784 6.675088 6.717763 6.773511 6.790094 6.801076 6.812149 6.822858 6.833064 6.84275 6.851903 6.860514 6.868552 6.876009 6.882868 6.889122 6.894749 6.899737 6.904088 6.907818 6.910825 6.913183 6.91488 6.915892
6.104381 6.122473 6.140609 6.158803 6.17702 6.195267 6.213545 6.231865 6.250191 6.268534 6.286888 6.305264 6.323624 6.341979 6.360325 6.378666 6.396967 6.415235 6.433478 6.451659 6.469779 6.487834 6.505828 6.523721 6.541517 6.559204 6.576814 6.594543 6.610176 6.571374 6.418985 6.590081 6.671989 6.695715 6.712488 6.717072 6.627938 6.513105 6.529799 6.624605 6.650693 6.520645 6.614489 6.60334 6.758429 6.813862 6.827662 6.838803 6.849732 6.860207 6.870183 6.879614 6.888488 6.896771 6.904459 6.91153 6.917981 6.923809 6.928933 6.933566 6.937666 6.940568 6.942847 6.944563 6.945613
6.116149 6.134456 6.152812 6.17123 6.189675 6.208158 6.226675 6.24524 6.263815 6.282414 6.301028 6.31967 6.338302 6.356934 6.375563 6.394193 6.412787 6.431354 6.449903 6.468394 6.48683 6.505206 6.523527 6.541751 6.559884 6.577912 6.595846 6.613782 6.631724 6.636521 6.59231 6.661979 6.700036 6.717819 6.73311 6.689692 6.514785 6.453961 6.584141 6.521607 6.655511 6.639928 6.522727 6.666263 6.803533 6.840619 6.854351 6.866299 6.87719 6.88763 6.89777 6.907485 6.916666 6.925179 6.933097 6.940399 6.947186 6.95339 6.95874 6.964138 6.966821 6.971036 6.973153 6.974562 6.975584
6.127769 6.14629 6.164865 6.183508 6.202184 6.220901 6.239658 6.258469 6.277294 6.296149 6.315025 6.333935 6.35284 6.371751 6.390665 6.409585 6.428476 6.447345 6.466202 6.485007 6.503762 6.522463 6.541115 6.559676 6.578151 6.596527 6.614806 6.632969 6.651256 6.669173 6.678901 6.703768 6.722044 6.739895 6.752191 6.695742 6.522141 6.579503 6.70944 6.659654 6.565666 6.714845 6.63824 6.767868 6.849535 6.825725 6.865905 6.88998 6.903799 6.915895 6.925725 6.935663 6.945339 6.953913 6.961954 6.969693 6.977463 6.982362 6.990381 6.990744 6.94823 6.990119 7.003429 7.0052 7.005861
6.139234 6.15797 6.176765 6.195632 6.214538 6.23349 6.252488 6.271544 6.290622 6.309734 6.328873 6.348052 6.367231 6.386422 6.405622 6.424835 6.444025 6.463199 6.482367 6.501489 6.520566 6.539597 6.558584 6.577487 6.596309 6.615037 6.633676 6.652179 6.670581 6.689017 6.706992 6.725284 6.743844 6.758723 6.726704 6.724058 6.618227 6.506193 6.644454 6.755263 6.694792 6.615968 6.732449 6.79967 6.828266 6.675119 6.766314 6.823651 6.883959 6.939672 6.954681 6.965011 6.973206 6.983462 6.991424 6.999796 7.004554 6.969868 7.016564 6.96634 6.798152 6.916171 7.01684 7.035621 7.036542
6.150536 6.169486 6.188499 6.207591 6.226727 6.245914 6.265152 6.284456 6.303785 6.323155 6.342557 6.362006 6.381461 6.400933 6.420421 6.439939 6.459421 6.478899 6.498383 6.517823 6.537228 6.556618 6.575922 6.595163 6.614338 6.633425 6.652428 6.671301 6.690041 6.708667 6.727426 6.74677 6.762119 6.729465 6.745123 6.762786 6.735081 6.631254 6.52813 6.621139 6.766561 6.784981 6.796983 6.664602 6.795069 6.777732 6.669739 6.664386 6.764857 6.92546 6.982067 6.991121 6.955999 7.006633 7.021447 7.025709 6.978825 6.830564 6.992341 7.024421 6.928467 6.884575 7.022096 7.064217 7.067308
6.161667 6.180831 6.20007 6.21938 6.238742 6.258165 6.277645 6.297195 6.316777 6.336405 6.356072 6.375791 6.395519 6.415278 6.435131 6.455038 6.474746 6.494454 6.514233 6.533999 6.553843 6.573748 6.593257 6.61272 6.632228 6.651678 6.671051 6.690292 6.709417 6.728652 6.748635 6.764588 6.732462 6.749052 6.732602 6.750717 6.797212 6.771163 6.672843 6.582146 6.775476 6.868503 6.851293 6.703968 6.716586 6.858672 6.789876 6.695765 6.784992 6.94941 7.006587 6.967186 6.816034 6.97507 7.046327 7.058772 7.05061 7.002727 7.065037 7.085021 7.061788 7.047086 7.088018 7.097362 7.098149
6.172646 6.192075 6.211601 6.23108 6.250622 6.270261 6.289972 6.309756 6.329588 6.349476 6.369407 6.389392 6.40941 6.429639 6.450183 6.469515 6.490219 6.510108 6.52995 6.550163 6.571019 6.588758 6.610579 6.630375 6.649996 6.669788 6.689552 6.709154 6.728901 6.749413 6.765944 6.734273 6.750689 6.736875 6.598213 6.591504 6.697637 6.746781 6.705753 6.587008 6.780821 6.904769 6.921602 6.863504 6.82481 6.928321 6.841832 6.822315 6.921097 7.011195 7.039291 7.037958 6.984214 7.019654 7.075869 7.089042 7.095886 7.095175 7.110614 7.113475 7.079503 7.116662 7.127396 7.128396 7.129213
6.183834 6.203503 6.222651 6.242902 6.262791 6.282568 6.302388 6.322232 6.34222 6.362348 6.382557 6.402844 6.423369 6.444383 6.459546 6.455679 6.496328 6.525538 6.545968 6.566805 6.584811 6.549891 6.614864 6.647641 6.6678 6.687907 6.708168 6.728204 6.749124 6.766184 6.735003 6.752375 6.773242 6.768796 6.641031 6.517094 6.540217 6.575631 6.569232 6.589564 6.772939 6.91715 6.953699 6.96513 6.963387 6.976716 6.990621 6.996161 7.032071 7.056438 7.067651 7.075574 7.027997 6.904233 7.0576 7.114491 7.12637 7.133611 7.136919 7.086984 6.936344 7.09269 7.153117 7.159587 7.160659
6.193336 6.205654 6.206515 6.242917 6.271072 6.292841 6.313832 6.334862 6.354953 6.375121 6.395773 6.416671 6.437648 6.450548 6.385597 6.314381 6.419463 6.521445 6.562002 6.580909 6.549213 6.398828 6.571005 6.656949 6.685473 6.706235 6.725314 6.748037 6.765454 6.734804 6.753247 6.772515 6.793127 6.775183 6.610187 6.517644 6.577294 6.741872 6.605581 6.595168 6.712913 6.885499 6.917603 6.891054 6.813362 6.803057 6.849089 6.953392 7.028601 7.080976 7.097016 7.10768 7.111801 7.080477 7.131264 7.149361 7.156585 7.164084 7.170771 7.160021 7.109119 7.167293 7.188735 7.19117 7.192269
6.140039 6.105994 6.060795 6.138586 6.193048 6.232097 6.277647 6.33579 6.367815 6.388773 6.408507 6.4289 6.443699 6.396632 6.244689 6.189063 6.297101 6.480711 6.573038 6.59889 6.611942 6.573222 6.641476 6.681673 6.703075 6.711846 6.695927 6.757068 6.734224 6.751519 6.772301 6.738303 6.783824 6.80232 6.65822 6.563277 6.565617 6.603344 6.597636 6.610647 6.670375 6.799476 6.759739 6.731376 6.706234 6.715495 6.744786 6.812001 6.910688 7.062964 7.12368 7.10633 7.017343 6.948445 7.112387 7.175215 7.187262 7.19483 7.202139 7.207708 7.20432 7.216944 7.220966 7.222918 7.224273
5.975174 5.930644 5.922024 5.967077 6.008545 6.050538 6.123853 6.259057 6.360373 6.39968 6.383923 6.372853 6.364477 6.308655 6.179235 6.209889 6.266093 6.454918 6.582656 6.610591 6.613189 6.648591 6.678575 6.699332 6.710045 6.622251 6.539716 6.704864 6.739584 6.718636 6.734433 6.58251 6.679515 6.821089 6.787991 6.698508 6.696062 6.748718 6.713917 6.689557 6.669515 6.680961 6.691092 6.706246 6.720241 6.738277 6.754245 6.775958 6.853796 7.02073 7.114769 7.022697 6.898496 7.025957 7.163044 7.208473 7.218424 7.226135 7.233373 7.239942 7.245039 7.249764 7.252884 7.255263 7.25674
5.918273 5.884951 5.903388 5.925402 5.946989 5.972057 6.023208 6.133622 6.283368 6.348096 6.235375 6.18778 6.180336 6.173889 6.209037 6.361512 6.306085 6.437589 6.572022 6.542893 6.483305 6.617495 6.693844 6.714857 6.696151 6.54338 6.625152 6.736063 6.660428 6.573002 6.73639 6.743466 6.802056 6.872414 6.886955 6.872127 6.883712 6.913956 6.905822 6.877421 6.809673 6.78312 6.774919 6.764733 6.782748 6.819845 6.822045 6.799444 6.823274 6.912181 7.010859 6.922451 7.023538 7.149178 7.226506 7.24201 7.249957 7.257986 7.265344 7.271917 7.277741 7.282545 7.2858 7.288159 7.289668
6.085141 5.936771 5.915427 5.93559 5.956572 5.977378 6.000777 6.043968 6.148425 6.240606 6.13891 6.110422 6.127422 6.156446 6.232108 6.290169 6.39585 6.53131 6.517416 6.403183 6.39094 6.568478 6.700307 6.708271 6.751432 6.711481 6.728981 6.72764 6.579446 6.666846 6.796531 6.840986 6.87176 6.897939 6.919388 6.93997 6.957909 6.983696 7.000188 7.009524 6.996383 6.988769 6.975017 6.926045 6.940316 7.003458 6.973763 6.857876 6.84199 6.86047 6.895045 6.916483 7.065894 7.181111 7.254871 7.273065 7.281913 7.291053 7.298139 7.304984 7.311793 7.314925 7.320129 7.321887 7.323114
6.001072 5.914113 5.925121 5.946603 5.967949 5.989893 6.008174 5.970269 6.047888 6.10579 6.097909 6.117618 6.141757 6.210607 6.370309 6.326559 6.304599 6.425892 6.366966 6.30978 6.345012 6.50608 6.687852 6.57444 6.693723 6.739946 6.764065 6.780074 6.745327 6.793252 6.848546 6.874568 6.896235 6.917909 6.940557 6.960627 6.938598 6.985684 6.985369 6.99256 7.010374 7.041873 7.080533 7.096182 7.113729 7.121555 7.016778 6.907381 6.879941 6.885254 6.901412 6.917166 6.975348 7.064364 7.19662 7.27906 7.294399 7.322397 7.332805 7.339897 7.341664 7.299407 7.348178 7.35646 7.357297
5.916786 5.914467 5.935529 5.95713 5.978814 5.999723 5.972647 5.828573 5.992635 6.080927 6.108591 6.131007 6.153214 6.209152 6.336897 6.461437 6.30281 6.297707 6.292735 6.309423 6.348975 6.48967 6.684151 6.510886 6.608969 6.728071 6.780506 6.803805 6.820861 6.847567 6.871942 6.893966 6.91625 6.93898 6.960272 6.93878 6.786795 6.870045 6.81699 6.806973 6.827343 6.875659 6.933493 7.043479 7.10935 7.144543 7.122615 7.021069 6.982732 6.946865 6.938158 6.94446 6.960946 6.991157 7.07249 7.176828 7.176087 7.303101 7.36134 7.370834 7.318224 7.15009 7.315235 7.384282 7.391793
5.902915 5.923905 5.945776 5.96738 5.989192 6.011498 6.026476 5.990525 6.057742 6.098273 6.121202 6.143019 6.171027 6.237595 6.294744 6.300107 6.258665 6.279896 6.30254 6.325591 6.357351 6.466354 6.653038 6.623753 6.519028 6.69044 6.790229 6.821601 6.845022 6.867299 6.891235 6.914436 6.937491 6.960826 6.982511 6.990828 6.892095 6.779253 6.737675 6.761121 6.843718 7.011628 6.88612 6.898244 6.93679 6.96997 6.995716 7.126518 7.157575 7.085453 7.038135 7.002044 6.994719 7.002912 7.020267 7.054286 7.094252 7.235262 7.321402 7.376071 7.37475 7.263723 7.376245 7.422707 7.426818
5.91598 5.933395 5.955363 5.977435 6.000088 6.019802 6.044268 6.061278 6.087631 6.111012 6.13865 6.156267 6.214198 6.367279 6.466439 6.312689 6.271467 6.293657 6.317676 6.340783 6.364899 6.42959 6.561929 6.625899 6.482345 6.676184 6.8022 6.840156 6.862194 6.859787 6.899775 6.93177 6.956462 6.974936 6.966354 6.959171 6.900912 6.768523 6.756021 6.777903 6.810809 6.862331 6.807409 6.855678 6.885212 6.893978 6.829326 7.02806 7.200881 7.247039 7.217605 7.137572 7.092977 7.064188 7.069569 7.097423 7.07638 7.112476 7.172034 7.260602 7.341206 7.396198 7.452089 7.461837 7.462139
5.984764 5.949829 5.970566 5.987654 6.007383 5.977754 6.042587 6.076816 6.100147 6.142254 6.213951 6.174355 6.19318 6.257593 6.304539 6.264318 6.283378 6.308025 6.331936 6.355594 6.381529 6.441299 6.589271 6.517583 6.493309 6.689929 6.821544 6.857243 6.849041 6.732132 6.806274 6.864854 6.893566 6.88259 6.808393 6.785909 6.770268 6.757338 6.780846 6.80293 6.811778 6.753084 6.673814 6.82628 6.903096 6.928962 6.930991 7.04096 7.187206 7.316773 7.343598 7.31743 7.277344 7.21221 7.209515 7.258478 7.134193 7.121994 7.195818 7.368565 7.226062 7.353976 7.471603 7.496813 7.498319
6.151041 6.01518 6.050496 6.005681 5.96628 5.829519 5.996588 6.080054 6.118904 6.207896 6.382338 6.232586 6.203128 6.226716 6.252412 6.272879 6.297562 6.321779 6.345907 6.370252 6.393655 6.394488 6.448846 6.444958 6.499846 6.690321 6.837963 6.873512 6.822327 6.656119 6.653717 6.690918 6.717214 6.724184 6.714822 6.732775 6.756185 6.781269 6.801583 6.779489 6.738215 6.65467 6.741368 6.860991 6.954433 7.029001 7.084558 7.17 7.297466 7.372244 7.39572 7.411121 7.41035 7.387486 7.348577 7.237666 7.152251 7.14955 7.177733 7.265278 7.339884 7.306919 7.471008 7.529514 7.535109
