hazard/lembang_6.8_shakemap.asc
ncols         599
nrows         337
xllcorner     105.3000035
yllcorner     -8.3749995
cellsize      0.008333
NODATA_value  -9999
[rows 174 to 202 of 337, columns 325 to 389 of 599]
6.886737 6.859165 6.831237 6.805445 6.775141 6.747214 6.719355 6.691559 6.663848 6.63622 6.608703 6.579223 6.262015 6.231023 6.203855 6.177015 6.150624 6.415875 6.393796 6.397163 6.371562 6.345746 6.320111 6.294365 6.269114 6.244313 6.219423 6.194724 6.170206 6.145901 6.121758 6.097808 6.074039 6.050454 6.024688 6.003808 5.98081 5.958275 5.935672 6.266132 6.251544 6.229141 6.207119 5.832253 5.803031 5.781539 5.760258 5.739535 5.718561 5.697393 5.67676 5.656286 5.635969 5.615812 5.948486 5.262303 5.232735 5.213287 5.193492 5.495401 5.47857 5.459914 5.441077 5.422371 5.403799
6.864625 6.837571 6.807974 7.111493 6.757599 6.726212 6.698983 6.671795 6.64467 6.617608 6.588563 6.27146 6.24091 6.21426 6.189889 6.163514 6.13518 6.398971 6.406578 6.38354 6.357957 6.332504 6.307219 6.282111 6.257166 6.2324 6.20781 6.183402 6.159166 6.135134 6.111255 6.087558 6.064035 6.040688 5.695991 5.987454 5.971677 5.949068 5.926603 5.904663 6.238295 6.221319 6.199536 6.174963 5.800663 5.774093 5.755665 5.732042 5.711194 5.690541 5.670052 5.649713 5.629527 5.609497 5.59001 5.56954 5.549962 5.530468 5.51119 5.84751 5.478794 5.454505 5.43576 5.414723 5.398636
7.172529 7.146052 6.789008 6.758331 6.731497 6.704895 6.67829 6.651704 6.62516 6.59866 6.28008 6.249786 6.223528 6.197369 6.463164 6.439161 6.12833 6.094277 6.06869 6.362731 6.343992 6.318937 6.294004 6.269237 6.244621 6.220172 6.195889 6.171776 6.147827 6.124071 6.100459 6.077021 6.053747 6.030642 5.688226 5.659079 5.955403 5.937538 5.915226 5.895518 6.227132 6.212913 6.188714 5.814137 5.787545 5.766413 6.09792 5.729967 5.70398 5.683475 5.660707 5.640493 5.620463 5.600511 5.58318 5.563603 5.544133 5.524809 5.505621 5.842149 5.473098 5.448907 5.430264 5.09326 5.388597
6.81273 6.787128 6.761059 6.73519 6.709258 6.683294 6.657305 6.631314 6.605347 6.579404 6.261151 6.231586 6.205834 6.18016 6.446688 6.133282 6.723458 6.089463 6.053425 6.030951 6.32532 6.30506 6.280483 6.256058 6.231775 6.207646 6.183672 6.15986 6.136199 6.112723 6.089382 6.066206 6.043185 6.020326 5.997336 5.655928 5.626829 5.604563 5.582565 5.879567 5.865119 6.196907 5.827302 5.800558 5.779464 5.758507 5.738141 5.71973 5.696589 5.673824 5.334984 5.310053 5.292494 5.272871 5.571848 5.557137 5.537789 5.518585 5.499513 5.83345 5.467173 5.44313 5.424592 5.405799 5.387896
6.787314 6.762361 6.737267 6.712066 6.686778 6.66144 6.636057 6.610655 6.585257 6.559866 6.244191 6.213125 6.187847 6.162656 6.429651 6.11853 6.088291 6.381957 6.04239 6.332948 6.315205 6.290891 6.266671 6.242591 6.218641 6.194835 6.171174 6.147664 6.124296 6.101102 6.078034 6.055123 6.032359 6.009749 5.987289 5.964639 5.623514 5.596951 5.572801 5.551409 5.848955 5.832381 5.813131 5.792076 5.771163 5.748022 5.729708 6.061916 5.694108 5.347422 5.324812 5.304903 5.603994 5.588932 5.56983 5.550478 5.531257 5.512175 5.493222 5.474876 5.455739 5.437177 5.418746 5.400442 5.382261
6.761987 6.737717 6.71329 6.688738 6.664083 6.639359 6.614573 6.589751 6.564916 6.54007 6.51502 6.197968 6.169589 6.144879 6.412339 6.389449 6.077651 6.047129 6.02478 6.000842 6.295963 6.276443 6.252581 6.228848 6.205234 6.181753 6.158406 6.1352 6.112127 6.089218 6.066427 6.043784 6.021279 5.998919 5.976704 5.954641 5.930057 5.908288 5.570141 5.543976 5.520611 5.499371 5.797275 5.783344 5.762644 5.423201 5.714237 5.699243 5.681029 5.341734 5.633473 5.618565 5.599322 5.582183 5.56048 5.543598 5.524539 5.505582 5.486751 5.468069 5.447102 5.431012 5.41273 5.394532 5.376456
6.734488 6.710813 6.687057 6.66316 6.641176 6.61708 6.592881 6.568629 6.544348 6.520041 6.495734 6.178971 6.151081 6.126848 6.392675 6.082697 6.37351 6.034954 6.325939 6.308754 6.285339 6.261733 6.23823 6.214845 6.191567 6.168412 6.143115 6.122449 6.099704 6.077083 6.05457 6.032197 6.009954 5.987849 5.965879 5.944055 5.603372 5.574919 5.871959 5.855422 5.515236 5.489779 5.469278 5.769924 5.753912 5.733129 5.394721 5.367211 5.665909 5.650405 5.314759 5.290288 5.270758 5.567632 5.234608 5.529552 5.515272 5.498775 5.480103 5.461542 5.124521 5.41964 5.406547 5.388458 5.36811
6.418822 6.39221 6.369048 6.345733 6.612492 6.594599 6.571003 6.547312 6.523577 6.499801 6.476009 6.161749 6.132372 6.110609 6.087474 6.061235 6.040228 6.016337 5.990846 6.289115 6.267722 6.246745 6.223631 6.200593 6.177653 6.154825 5.812566 6.105095 6.08704 6.064707 6.042475 6.020373 5.998394 5.976544 5.954823 5.935819 5.911482 5.570968 5.543441 5.52233 5.501061 5.482541 5.461976 5.758528 5.744938 5.72472 5.704189 5.365583 5.341257 5.319174 5.617788 5.603213 5.586243 5.248895 5.2245 5.205877 5.187007 5.484695 5.470912 5.452418 5.436073 5.418288 5.397805 5.379813 5.043286
6.389261 6.366934 6.346454 6.321746 6.299098 6.566071 6.546906 6.525797 6.502625 6.47937 6.456088 6.432579 6.117266 6.382402 6.392379 6.050182 6.339473 6.320878 5.9785 6.270926 5.935301 6.227232 6.208798 6.186108 6.163506 6.141005 6.118341 6.096319 6.074144 6.052102 6.030151 6.008323 5.989179 5.967599 5.94358 6.275128 5.906015 5.879575 5.539755 5.514195 5.493461 5.792133 5.77598 5.436943 5.731064 5.715763 5.695824 5.675616 5.655943 5.317443 5.293883 5.274529 5.571879 5.556947 5.538048 5.519278 5.500629 5.166066 5.142797 5.124594 5.424911 5.411672 5.075328 5.052409 5.034228
6.363579 6.341867 6.609866 6.301583 6.275584 6.253459 6.230937 6.500489 6.481511 6.458771 6.435989 6.413178 6.100385 6.391295 6.374843 6.351784 6.007976 5.980649 5.959908 5.935307 6.231563 6.216138 6.193745 6.171402 6.149137 6.126964 6.104884 6.082908 6.061029 6.039276 6.017608 5.996055 6.327587 6.311419 5.936913 5.911359 5.889982 5.869113 5.848006 5.8274 5.806922 5.786869 5.766622 5.746158 5.726494 5.706613 5.686853 5.667211 5.647691 5.627945 5.608614 5.589484 5.251922 5.228506 5.209661 5.188612 5.169998 5.469864 5.456394 5.438097 5.420454 5.402432 5.38656 5.368865 5.353851
6.33787 6.316752 6.297698 6.275917 6.254197 6.230384 6.208392 6.47673 6.46023 6.438022 6.415733 6.393603 6.400512 6.059201 6.34983 6.334066 5.990086 5.965441 6.26251 5.925086 5.899088 6.196206 6.178485 6.156488 6.134558 6.112712 6.090951 6.069283 6.047704 6.026242 6.004858 5.983579 5.962803 5.94171 5.920364 5.899509 5.878766 5.855876 5.835279 5.814898 5.796899 5.776761 5.756712 5.736775 5.716978 5.697277 5.677698 5.658232 5.638884 5.619651 5.600543 5.581547 5.562303 5.543483 5.524858 5.187483 5.164382 5.146541 5.128309 5.110363 5.092349 5.072221 5.372795 5.360194 5.697774
6.31215 6.291609 6.560778 6.545692 6.52459 6.213356 6.188024 6.166681 6.434972 6.41513 6.393318 6.403208 6.381732 6.359538 6.018641 6.311674 5.974635 6.267336 6.250198 6.228053 6.206181 6.184744 6.165491 6.141414 6.119784 6.098263 6.076819 6.05546 6.03418 6.01301 5.991909 5.970906 5.949995 5.929182 5.908468 5.887865 5.867361 5.527774 5.503169 5.482937 5.781955 5.766461 5.746616 5.726878 5.707273 5.687759 5.668364 5.649076 5.629901 5.610837 5.591894 5.573058 5.556874 5.538365 5.517265 5.498467 5.482732 5.462031 5.443962 5.425979 5.408166 5.072166 5.049843 5.029944 5.331617
6.286437 6.266456 6.246503 6.516145 6.49929 6.480226 6.459349 6.43832 6.417397 6.10415 6.078964 6.379577 6.36213 6.340648 6.318843 6.297639 6.275773 6.254601 6.2331 6.211617 6.190173 6.171245 6.503479 6.133618 6.104859 6.086097 6.062532 6.041449 6.020468 5.999589 5.978771 5.958044 5.937401 5.91685 5.89639 5.876033 5.855771 5.835279 5.815164 5.795226 5.775728 5.755981 5.736341 5.716803 5.697392 5.678067 5.658856 5.639748 5.620748 5.601855 5.583076 5.564403 5.898836 5.885376 5.514321 5.490793 5.825777 5.45996 5.436718 5.421537 5.401256 5.383153 5.365673 5.029761 5.007948
6.260774 6.241308 6.221627 6.201985 6.181877 6.451572 6.43703 6.416502 6.393827 6.082774 6.058096 6.357257 6.34018 6.321331 6.300301 6.279196 6.260576 6.239463 6.21832 6.19719 6.173694 6.50604 6.492652 6.471327 6.097045 6.422403 6.052608 6.02726 6.006577 5.985989 5.965454 5.945003 5.927136 5.904373 5.884132 5.864024 5.844002 5.824074 5.804245 5.784506 5.764868 5.745328 5.725893 5.706556 5.68734 5.668206 5.64918 5.630253 5.61143 5.592709 5.574098 5.555587 5.537597 5.519368 5.500692 5.482592 5.465002 5.446728 5.428939 5.763758 5.399075 5.376232 5.358859 5.341158 5.324003
6.240793 6.218222 6.199039 6.177663 6.158052 6.138573 6.408679 6.392402 6.084511 6.060006 6.037405 6.017138 5.996638 6.295633 6.281285 6.260621 6.595541 6.579896 6.559186 6.538477 6.164447 6.139142 6.472038 6.456094 6.432668 6.058918 6.031168 6.010642 5.992489 5.972219 5.951967 5.93179 6.264699 5.896643 5.871704 5.851843 5.832063 5.81237 5.792771 5.773255 5.753835 5.734507 5.71528 5.696143 5.677124 5.658182 5.639342 5.620597 5.601952 5.583404 5.567521 5.546654 5.528371 5.51023 5.492184 5.47424 5.458889 5.438696 5.421014 5.403982 5.386052 5.368703 5.351457 5.334309 5.317256
6.505344 6.486886 6.468249 6.159286 6.136434 6.117207 6.098199 6.076404 6.377985 6.360297 6.020663 5.99653 5.976404 5.958662 6.257836 6.24193 6.575151 6.562331 6.542007 6.521643 6.500906 6.480582 6.460613 6.437835 6.061957 6.03649 5.696736 5.672494 5.97175 5.958258 5.938319 5.918417 5.898993 5.878815 5.859113 5.8395 5.819961 5.800504 5.781134 5.761843 5.745116 5.723559 5.704505 5.685571 5.666749 5.647999 5.629348 5.610785 5.592319 5.573945 5.908333 5.542738 5.51941 5.501427 5.483535 5.465742 5.801181 5.435773 5.412946 5.395557 5.378247 5.361036 5.343917 5.326893 5.309963
6.480056 6.462142 6.443972 6.425308 6.406906 6.388063 6.398633 6.058007 6.354375 6.021911 5.995753 5.976099 5.956396 6.258412 6.243026 6.223137 6.20362 6.536967 6.521909 6.504324 6.484359 6.464361 6.444373 6.068736 5.721894 5.697529 5.677329 5.657489 5.638021 5.937366 5.922278 5.902594 5.883046 5.863561 5.846337 5.824753 5.807673 5.788482 5.769342 5.750274 6.084563 5.719628 5.693613 5.674846 5.656221 5.637665 5.619201 5.600823 5.582536 5.564337 5.546717 5.52823 5.510303 5.49248 5.474743 5.457101 5.439964 5.422109 5.404739 5.387488 5.370313 5.353234 5.336244 5.319346 5.302538
6.454597 6.437159 6.419462 6.399583 6.41098 6.39295 6.374475 6.035769 6.015395 6.313485 5.978892 5.955609 5.936318 6.23903 6.223757 6.204253 6.184706 6.165503 6.145864 6.479888 6.467276 6.447656 6.425606 6.050038 5.705798 5.6818 5.662226 5.64269 5.623188 5.604129 5.584698 5.565396 5.546065 5.526793 5.826857 5.493172 5.788497 5.776281 5.757401 5.738558 5.720187 6.054562 5.690091 5.664008 5.645546 5.627184 5.60891 5.593236 5.57514 5.557092 5.539225 5.518849 5.501055 5.483392 5.465811 5.448322 5.430923 5.413617 5.396398 5.379286 5.362246 5.3453 5.331001 5.311707 5.294984
6.429223 6.412246 6.393041 6.085443 6.06401 6.046167 6.028057 6.009503 6.312663 5.977069 5.953865 5.935071 5.918352 6.219322 6.204411 6.185291 6.16612 6.146899 6.127642 6.108693 6.442734 6.430807 6.055492 5.709779 5.685566 5.66627 5.647 5.629964 5.608578 5.589393 5.570258 5.551171 5.532129 5.513138 5.494543 5.475334 5.456884 5.75954 5.745319 5.7267 5.708153 5.690049 6.024326 5.657947 5.634731 5.616562 5.598477 5.935721 5.923189 5.905369 5.88755 5.517047 5.494185 5.476745 5.459293 5.439445 5.42216 5.405 5.390419 5.370993 5.35405 5.337237 5.67294 5.30928 5.287306
6.404139 6.387615 6.080834 6.05752 6.042325 6.022795 6.00511 5.987278 6.289034 5.955354 5.932883 5.914495 6.217657 6.203652 6.185004 6.166261 6.147459 6.128602 6.1097 6.090763 6.072213 6.409074 6.038559 5.693142 5.66961 5.650626 5.631657 5.931954 5.598101 5.577119 5.558266 5.539504 5.518487 5.499722 5.481035 5.462408 5.443832 5.747089 5.733102 5.714706 5.696377 5.678116 5.660371 5.644238 5.626299 5.60584 5.587909 5.92332 5.913404 5.895771 5.875688 5.860177 5.842805 5.825402 5.808164 5.438018 5.413302 5.396256 5.732254 5.367987 5.345727 5.32905 5.312979 5.295946 5.279506
6.40851 6.392782 6.376127 6.03775 6.336597 6.003996 5.984612 5.969528 5.947892 5.929761 5.911887 5.893893 6.197766 6.183824 6.165547 6.147173 6.128735 6.110233 6.091682 6.073088 6.054468 6.38967 6.024212 5.679001 5.653584 5.634874 5.616204 5.597911 5.578916 5.879342 5.865382 5.846719 5.509282 5.486182 5.467745 5.449362 5.431025 5.73234 5.718494 5.702551 5.684472 5.666424 5.648445 5.983758 5.970791 5.600076 5.577212 5.560059 5.895406 5.883142 5.515476 5.843152 5.831125 5.813882 5.796803 5.779353 5.409281 5.387386 5.371057 5.353918 5.337283 5.320741 5.304276 5.287891 5.271586
6.383849 6.368166 6.352218 6.016054 5.993667 5.976736 6.281641 6.622781 5.936965 5.908392 5.890884 5.873274 6.177527 6.163958 6.146049 6.128037 6.109955 6.091804 6.073597 6.055341 6.037053 6.019111 6.356403 5.986661 5.641825 5.619026 5.60065 5.582285 5.563929 5.546001 5.527666 5.511672 5.490787 5.472525 5.454337 5.438416 5.420325 5.400435 5.382468 5.68572 5.672443 5.654607 5.636836 5.619537 5.601974 5.583911 5.566389 5.548938 5.532013 5.51468 5.849706 5.485548 5.463189 5.446235 5.429259 5.412362 5.395116 5.378396 5.364219 5.347771 5.328758 5.312314 5.295982 5.282235 5.263588
6.358901 6.343621 6.328076 6.309885 5.974026 5.953789 6.259402 6.247298 6.227707 5.891181 5.869883 5.852649 6.157272 6.144069 6.12652 6.108864 6.091131 6.073324 6.055456 6.037532 6.01957 6.001567 6.339908 5.970505 5.627736 5.603117 5.585003 5.566924 5.548847 5.530802 5.512754 5.815765 5.481385 5.458758 5.442957 5.744077 5.730894 5.391694 5.371664 5.673383 5.660296 5.642673 5.625109 5.607597 5.592617 5.572807 5.555446 5.538181 5.52098 5.503844 5.487288 5.46979 5.452855 5.436 5.421664 5.402532 5.385854 5.369288 5.708175 5.696946 5.327921 5.306343 5.287613 5.626575 5.260727
6.334075 6.319186 6.304031 5.966853 5.946759 5.930909 6.236905 6.222779 5.886865 5.865625 5.848891 5.834085 6.137038 6.124164 6.106968 6.08966 6.07227 6.054801 6.037264 6.019668 6.002028 5.98434 6.322991 5.953894 5.928592 5.591344 5.571368 5.551504 5.5358 5.515932 5.498119 5.801824 5.467272 5.444889 5.748642 5.735767 5.715974 5.378749 5.677848 5.665493 5.648038 5.630626 5.613268 5.595959 5.931552 5.566684 5.544389 5.527309 5.51029 5.493331 5.476442 5.459615 5.442853 5.426162 5.762359 5.398133 5.376484 5.360068 5.699572 5.688556 5.671844 5.655641 5.284639 5.616224 5.254892
6.309352 6.294866 6.280089 5.942977 5.923567 5.908096 6.214466 5.880916 5.860507 5.844285 5.827918 6.133372 6.121008 6.104253 6.087402 6.070435 6.053381 6.036243 6.019033 6.001758 5.984433 5.967056 6.306013 5.937215 5.593264 5.573098 5.87522 5.540399 5.837837 5.50767 5.485579 5.785182 5.453026 5.430923 5.735284 5.722289 5.3858 5.363474 5.665508 5.652919 5.635674 5.618471 5.601319 5.584212 5.567662 5.552602 5.53326 5.516327 5.499489 5.482708 5.465993 5.449336 5.43274 5.416212 5.400231 5.383347 5.367003 5.350738 5.687953 5.679477 5.66345 5.644927 5.275983 5.255086 5.591615
6.280706 6.270668 6.256257 5.91951 5.900465 5.885358 6.190022 5.858579 5.838846 5.822986 5.806971 6.113056 6.10076 6.084343 6.06783 6.051196 6.034472 6.017659 6.000769 5.983809 5.966794 5.952055 6.286706 5.920446 5.578568 5.876423 5.863819 5.5248 5.503445 5.807059 5.79443 5.456551 5.434102 5.419003 5.719385 5.708679 5.691141 5.674023 5.657305 5.64024 5.623208 5.606215 5.589268 5.572361 5.557943 5.891766 5.527401 5.505239 5.488582 5.471979 5.455437 5.43895 5.422521 5.406156 5.389846 5.3736 5.357417 5.341301 5.32573 5.664838 5.652007 5.283749 5.261708 5.248422 5.230851
6.254221 6.246565 6.232537 5.896145 5.877455 5.862701 5.848067 5.832582 5.817241 5.801727 5.786056 6.090449 6.080497 6.064441 6.048258 6.031951 6.015549 5.999054 5.982479 5.968127 5.949152 6.288186 5.920631 5.898676 5.881392 5.864831 5.84788 5.50913 5.487682 5.792327 5.777814 5.441447 5.419713 5.72189 5.390522 5.690357 5.678111 5.661201 5.644322 5.627467 5.610647 5.593862 5.577119 5.560412 5.896611 5.532781 5.510584 5.49405 5.47998 5.463562 5.444817 5.428462 5.412199 5.395997 5.379847 5.363758 5.347728 5.331762 5.315855 5.653115 5.292582 5.271076 5.252906 5.589936 5.227033
5.910176 6.218274 6.208936 5.872887 5.854541 5.84013 5.825508 5.81069 5.795692 5.780516 5.765181 5.752019 6.056079 6.044554 6.028694 6.012707 5.996621 5.980438 5.96417 6.30157 5.936355 6.271184 5.903136 5.881838 5.865218 5.848564 5.831881 5.49552 5.474341 5.774998 5.445743 5.424225 5.407445 5.38894 5.373893 5.676634 5.664591 5.647904 5.631245 5.614605 5.597996 5.581418 5.564878 5.548369 5.532421 5.515496 5.499106 5.482765 5.819432 5.808438 5.439391 5.417875 5.404168 5.385777 5.36975 5.353817 5.33794 5.322125 5.306364 5.291226 5.627767 5.617425 5.249483 5.229007 5.213087
5.887773 6.194486 6.185457 5.849741 5.831728 5.81765 5.80336 5.788875 5.774206 5.759359 5.746377 6.051155 6.040122 6.024689 6.009144 5.993469 5.977693 5.961816 5.94585 5.930188 5.913693 6.253747 5.885985 5.864968 5.848626 5.832245 5.815832 5.798998 5.782553 5.445262 5.745071 5.733008 5.716528 5.380869 5.679177 5.667465 5.650992 5.634527 5.618085 5.601659 5.58526 5.568887 5.552549 5.536239 5.51998 5.503742 5.487545 5.473789 5.455803 5.439674 5.425594 5.409615 5.746759 5.383256 5.359593 5.343781 5.328057 5.312392 5.296779 5.281238 5.26627 5.250904 5.234923 5.219588 5.204319
