hazard/lembang_6.8_shakemap.asc
ncols         599
nrows         337
xllcorner     105.300005
yllcorner     -8.374998
cellsize      0.00833
NODATA_value  -9999
[rows 203 to 231 of 337, columns 520 to 584 of 599]
4.378353 4.461153 4.465679 4.449948 4.415728 4.339536 4.4102 4.447825 4.444866 4.441441 4.43803 4.434639 4.431253 4.427882 4.424522 4.421176 4.417836 4.414514 4.411206 4.407901 4.4046 4.40132 4.398048 4.394786 4.391538 4.388303 4.38515 4.369447 4.281197 4.245442 4.241689 4.238531 4.235417 4.241425 4.241776 4.24092 4.2601 4.342717 4.338656 4.245778 4.307879 4.331881 4.326017 4.218161 4.198178 4.206716 4.225832 4.29109 4.316274 4.313679 4.310679 4.307701 4.304732 4.30177 4.298817 4.295878 4.306359 4.396884 4.395984 4.297112 4.280787 4.287511 4.311378 4.382109 4.279543
4.436718 4.467608 4.45189 4.461352 4.446145 4.408909 4.348408 4.436099 4.444061 4.440655 4.437251 4.433857 4.430475 4.427111 4.423764 4.420433 4.417113 4.413825 4.399249 4.406774 4.403882 4.40056 4.397334 4.394072 4.390829 4.387597 4.384384 4.381032 4.348349 4.277238 4.256085 4.25268 4.267156 4.329547 4.343662 4.342663 4.344212 4.349684 4.338339 4.30566 4.240481 4.244774 4.293176 4.211511 4.197584 4.194548 4.191983 4.216975 4.287033 4.31306 4.310097 4.307117 4.304152 4.301194 4.298247 4.295303 4.292971 4.329746 4.389792 4.296119 4.288505 4.376792 4.390261 4.319255 4.279342
4.458426 4.428844 4.356016 4.408452 4.354106 4.329339 4.328586 4.43223 4.443274 4.430637 4.436191 4.433111 4.42969 4.426344 4.422708 4.409021 4.407065 4.404722 4.315298 4.371833 4.40314 4.384162 4.396547 4.393352 4.390107 4.386881 4.383666 4.380468 4.377179 4.364592 4.357466 4.354322 4.355273 4.361461 4.358377 4.35522 4.352206 4.337823 4.255208 4.225085 4.209062 4.206257 4.212278 4.200021 4.197013 4.19399 4.190959 4.188265 4.217598 4.303626 4.309495 4.306524 4.303562 4.300608 4.297665 4.294731 4.291797 4.289615 4.299128 4.283049 4.291077 4.38686 4.418744 4.385294 4.300833
4.462527 4.36619 4.434477 4.34722 4.419265 4.415899 4.3637 4.439928 4.433715 4.349665 4.399477 4.419841 4.428971 4.424062 4.388926 4.318708 4.322969 4.40533 4.307777 4.300457 4.392987 4.295833 4.381971 4.392601 4.38938 4.386153 4.382943 4.37974 4.376557 4.373387 4.370232 4.367071 4.363909 4.360762 4.357629 4.354515 4.351291 4.313863 4.226745 4.211538 4.208557 4.205499 4.202447 4.19941 4.196382 4.193361 4.190344 4.187317 4.198631 4.297098 4.308908 4.305921 4.302962 4.300012 4.297073 4.294143 4.291222 4.2883 4.285409 4.282499 4.279858 4.313766 4.386538 4.407747 4.380376
4.460037 4.365828 4.353395 4.415069 4.454484 4.451942 4.443649 4.445556 4.427018 4.321386 4.311018 4.336072 4.418822 4.385419 4.321166 4.287391 4.29906 4.403001 4.375813 4.309821 4.394318 4.385018 4.394883 4.381686 4.388642 4.385417 4.382208 4.379011 4.375827 4.372654 4.369492 4.366336 4.363192 4.360058 4.356936 4.353852 4.340436 4.250041 4.214006 4.210957 4.207901 4.204847 4.201798 4.198764 4.195737 4.192721 4.18971 4.18671 4.19189 4.278613 4.308237 4.30531 4.302352 4.299406 4.296471 4.293545 4.290628 4.287717 4.284817 4.281927 4.279035 4.276558 4.291029 4.31906 4.38471
4.453998 4.45445 4.447808 4.457298 4.454691 4.425297 4.363815 4.414283 4.415365 4.339169 4.31543 4.317164 4.380905 4.308842 4.380512 4.318398 4.317707 4.402923 4.407265 4.39324 4.400845 4.397197 4.359764 4.296885 4.377412 4.384664 4.381464 4.37827 4.375092 4.371923 4.368765 4.365614 4.362477 4.359349 4.356233 4.353166 4.335988 4.233931 4.21314 4.210284 4.207227 4.204178 4.201135 4.198104 4.195082 4.19207 4.189064 4.186059 4.182839 4.220844 4.299911 4.304681 4.301733 4.29879 4.29586 4.292939 4.290025 4.287118 4.284223 4.281335 4.278457 4.275577 4.272641 4.270802 4.282754
4.361634 4.448797 4.460364 4.456986 4.444742 4.362371 4.316271 4.323534 4.34348 4.411764 4.418649 4.389957 4.318962 4.378265 4.41905 4.408641 4.404027 4.409842 4.406564 4.403295 4.400179 4.379578 4.286702 4.281246 4.374527 4.383902 4.380706 4.377518 4.374345 4.371182 4.36803 4.364884 4.361752 4.358629 4.355517 4.352444 4.339036 4.248543 4.212635 4.20959 4.206542 4.203498 4.200459 4.197433 4.194416 4.191409 4.1884 4.185383 4.192625 4.277567 4.306968 4.304053 4.301104 4.298171 4.295255 4.292337 4.289417 4.286509 4.283617 4.280735 4.27786 4.274992 4.272132 4.269278 4.266438
4.449156 4.46291 4.459437 4.456004 4.452338 4.414829 4.325029 4.311639 4.308487 4.343262 4.427752 4.428815 4.416165 4.422364 4.419176 4.401052 4.412287 4.409018 4.405736 4.402488 4.398392 4.351393 4.266946 4.34685 4.385942 4.38313 4.379935 4.376754 4.373587 4.37043 4.36728 4.364142 4.361015 4.357898 4.35479 4.351696 4.34848 4.311365 4.223582 4.208801 4.205843 4.202806 4.199773 4.196752 4.193738 4.190726 4.187738 4.195866 4.219002 4.299705 4.306403 4.303452 4.300556 4.297447 4.284751 4.281585 4.288702 4.285901 4.283003 4.280124 4.277254 4.274389 4.271536 4.268691 4.265853
4.46565 4.482494 4.458903 4.455056 4.451715 4.435886 4.35107 4.320732 4.30721 4.339504 4.426224 4.386995 4.323182 4.41172 4.402745 4.309394 4.39621 4.408165 4.404911 4.401678 4.384395 4.287639 4.284438 4.37397 4.385549 4.382338 4.379154 4.375979 4.372817 4.369659 4.366539 4.363383 4.360267 4.357155 4.354053 4.350959 4.347951 4.332585 4.244884 4.208951 4.205046 4.202087 4.19907 4.196054 4.193016 4.190392 4.215346 4.281935 4.302705 4.308787 4.296802 4.289418 4.283633 4.262334 4.196471 4.192806 4.2585 4.284842 4.28239 4.279504 4.276638 4.273778 4.270928 4.268087 4.265254
4.483286 4.576683 4.478459 4.454262 4.450707 4.447371 4.43229 4.406432 4.348387 4.408421 4.419011 4.319589 4.375454 4.419411 4.417281 4.398992 4.410556 4.407331 4.404068 4.400852 4.382864 4.287718 4.347488 4.387753 4.384737 4.381537 4.378361 4.375192 4.37203 4.368911 4.380805 4.362726 4.359502 4.356402 4.353305 4.350215 4.347145 4.343997 4.31328 4.245191 4.222878 4.211387 4.198206 4.195161 4.202957 4.222006 4.288608 4.314075 4.311024 4.279263 4.208657 4.187523 4.181938 4.174857 4.162567 4.15998 4.185348 4.25562 4.281377 4.278886 4.276013 4.273157 4.270312 4.267475 4.264646
4.463607 4.479732 4.456937 4.453149 4.449754 4.446359 4.443004 4.439455 4.428111 4.432976 4.428714 4.378205 4.305601 4.37632 4.400343 4.412778 4.409748 4.406466 4.403218 4.400034 4.395841 4.350679 4.283634 4.373069 4.383905 4.380729 4.377557 4.374392 4.371241 4.382806 4.472098 4.379313 4.358753 4.355634 4.352547 4.349462 4.34639 4.343339 4.340431 4.331291 4.324377 4.299865 4.231688 4.226529 4.288568 4.307945 4.316439 4.313251 4.281008 4.206601 4.174433 4.170802 4.167945 4.165047 4.162153 4.159247 4.156708 4.182302 4.252138 4.277843 4.275387 4.272527 4.269686 4.266853 4.264028
4.462368 4.45902 4.455523 4.45217 4.448777 4.445392 4.442016 4.438663 4.435305 4.431962 4.428663 4.421299 4.375908 4.30715 4.307431 4.376786 4.408585 4.405605 4.402324 4.38637 4.383971 4.392145 4.37499 4.386244 4.383086 4.379906 4.376742 4.373583 4.370425 4.381491 4.467445 4.377398 4.357898 4.354858 4.351771 4.348698 4.345633 4.342598 4.328861 4.247636 4.304318 4.330375 4.319063 4.314869 4.321371 4.318521 4.315135 4.282845 4.208805 4.176726 4.173144 4.170228 4.167307 4.164392 4.161489 4.158593 4.155695 4.153173 4.178515 4.248507 4.274711 4.271892 4.26905 4.266222 4.263401
4.478031 4.47411 4.470321 4.461927 4.448079 4.45292 4.441251 4.437686 4.434349 4.431012 4.427689 4.424407 4.418005 4.377136 4.306397 4.314239 4.397621 4.404709 4.388699 4.302237 4.29547 4.380733 4.388605 4.385427 4.382241 4.379073 4.375915 4.372757 4.369664 4.383455 4.376555 4.360115 4.357136 4.366822 4.351058 4.347916 4.344864 4.341823 4.324562 4.228284 4.22678 4.318422 4.326705 4.323704 4.320713 4.317646 4.284902 4.210631 4.178945 4.175383 4.172462 4.169537 4.16662 4.163709 4.160809 4.157918 4.155035 4.152147 4.149595 4.178855 4.265138 4.271241 4.268407 4.265582 4.262765
4.588699 4.58498 4.578819 4.556918 4.497418 4.538132 4.473664 4.438083 4.433232 4.430001 4.426707 4.423438 4.420198 4.416029 4.400292 4.398399 4.407064 4.403824 4.400567 4.384803 4.380695 4.390943 4.387755 4.384563 4.381391 4.378229 4.375075 4.371954 4.387207 4.480482 4.383132 4.359447 4.369157 4.454539 4.370608 4.347064 4.344079 4.341045 4.337303 4.29732 4.235167 4.317917 4.325941 4.322949 4.319996 4.306791 4.216988 4.18111 4.177609 4.174685 4.171754 4.168833 4.165922 4.163015 4.16012 4.157234 4.154356 4.151481 4.14859 4.16019 4.260682 4.270591 4.267754 4.264932 4.26212
4.603887 4.600474 4.597116 4.59352 4.582389 4.586275 4.553561 4.480109 4.456888 4.452556 4.450115 4.445121 4.431829 4.416008 4.412642 4.409404 4.406148 4.402907 4.399686 4.396473 4.393261 4.390065 4.386874 4.383696 4.380529 4.377374 4.374228 4.371083 4.368143 4.384658 4.362027 4.358611 4.373845 4.475484 4.40163 4.348314 4.343277 4.340251 4.337229 4.333657 4.319963 4.328184 4.325183 4.322195 4.319271 4.301905 4.19856 4.179679 4.176895 4.173964 4.171036 4.168121 4.165214 4.162312 4.159421 4.15654 4.153666 4.150797 4.147929 4.157476 4.259596 4.269926 4.267093 4.264274 4.261466
4.602801 4.599388 4.595998 4.592623 4.589263 4.586104 4.576754 4.574102 4.56882 4.565068 4.561418 4.552239 4.513632 4.427175 4.411747 4.408463 4.405218 4.401988 4.398768 4.395558 4.392357 4.389168 4.385989 4.382816 4.379657 4.376508 4.373368 4.370235 4.367108 4.364088 4.360896 4.357804 4.356203 4.40281 4.462299 4.363794 4.342559 4.339454 4.336427 4.333416 4.330403 4.327407 4.324411 4.321432 4.318513 4.301143 4.197731 4.178939 4.176158 4.173232 4.17031 4.167398 4.164496 4.161599 4.158714 4.155837 4.152968 4.150103 4.147221 4.158827 4.259485 4.269256 4.266409 4.263614 4.260805
4.60158 4.598341 4.594951 4.591583 4.588329 4.571286 4.491908 4.546192 4.544128 4.476967 4.453845 4.445266 4.431156 4.41414 4.410754 4.407537 4.404288 4.401058 4.397838 4.394645 4.391439 4.388258 4.385092 4.381924 4.378771 4.37563 4.372497 4.36937 4.366257 4.36315 4.360055 4.356966 4.353883 4.352664 4.365371 4.344933 4.341673 4.33865 4.335627 4.332613 4.329613 4.32662 4.323633 4.320659 4.317724 4.304525 4.214599 4.178849 4.1754 4.17249 4.169573 4.166667 4.163769 4.160877 4.157996 4.155124 4.15226 4.149391 4.146837 4.176429 4.263325 4.268569 4.250601 4.262311 4.26019
4.582801 4.597259 4.593901 4.590558 4.586119 4.544404 4.451131 4.449039 4.446647 4.428137 4.422828 4.419721 4.416436 4.41244 4.398356 4.395114 4.403036 4.400123 4.396983 4.41057 4.405158 4.387383 4.384171 4.381022 4.377872 4.374736 4.371615 4.368495 4.365387 4.362282 4.359196 4.356108 4.353043 4.349977 4.346978 4.343884 4.340858 4.337834 4.334811 4.331811 4.328808 4.325821 4.322845 4.319875 4.316919 4.313859 4.281534 4.206563 4.174729 4.171732 4.168826 4.165926 4.163033 4.160146 4.157269 4.154402 4.151534 4.149005 4.174476 4.24521 4.270667 4.252956 4.159806 4.222256 4.244845
4.599566 4.596328 4.592989 4.58866 4.554706 4.476136 4.432982 4.412618 4.404694 4.401776 4.399983 4.397351 4.392172 4.371093 4.306069 4.302673 4.366764 4.397689 4.41364 4.503473 4.491767 4.400023 4.383288 4.395989 4.391905 4.373903 4.370716 4.367608 4.364501 4.361426 4.374398 4.369319 4.352217 4.349133 4.34609 4.343053 4.340026 4.337003 4.334023 4.347244 4.342821 4.325079 4.322042 4.319082 4.316126 4.313192 4.309616 4.273526 4.185738 4.170887 4.168067 4.165173 4.162286 4.159405 4.156534 4.153666 4.150821 4.17647 4.247077 4.272492 4.26999 4.266764 4.22369 4.150328 4.159991
4.583792 4.578362 4.572314 4.550071 4.478056 4.438081 4.393228 4.320706 4.303375 4.299656 4.296805 4.294245 4.291845 4.288219 4.283705 4.278471 4.290074 4.361186 4.394776 4.410641 4.403982 4.385521 4.396078 4.487234 4.479605 4.387896 4.369851 4.366707 4.363613 4.375653 4.47086 4.45698 4.365075 4.348293 4.345237 4.342206 4.339182 4.336176 4.347555 4.438315 4.429917 4.338949 4.32127 4.318278 4.31533 4.312389 4.30954 4.294498 4.206452 4.170684 4.167227 4.164386 4.16152 4.15865 4.155787 4.152921 4.160735 4.245125 4.274578 4.272084 4.269264 4.266236 4.223137 4.135414 4.153888
4.473403 4.46682 4.462825 4.455062 4.43995 4.422434 4.337782 4.321425 4.384862 4.401493 4.403011 4.40364 4.402613 4.398417 4.391422 4.367167 4.299468 4.301982 4.383476 4.390928 4.387707 4.384526 4.381426 4.395159 4.39084 4.372097 4.368897 4.365801 4.36271 4.371677 4.456344 4.392045 4.351324 4.347398 4.344374 4.341347 4.338332 4.335315 4.332352 4.344124 4.339442 4.323319 4.320417 4.317468 4.314523 4.311586 4.308663 4.305628 4.273382 4.202432 4.181436 4.175766 4.169264 4.15789 4.155017 4.15243 4.181818 4.266313 4.274175 4.271346 4.268532 4.254854 4.169978 4.15481 4.222807
4.451607 4.448365 4.44505 4.441746 4.438453 4.435128 4.420542 4.415648 4.424962 4.422166 4.418806 4.389844 4.32479 4.381732 4.406035 4.398009 4.391881 4.390062 4.39335 4.389981 4.386742 4.383583 4.380434 4.377314 4.374184 4.371071 4.367976 4.364884 4.361793 4.358698 4.366163 4.35275 4.349545 4.346527 4.3435 4.340479 4.337464 4.334549 4.348707 4.328449 4.34124 4.322646 4.319588 4.316646 4.313707 4.310776 4.307851 4.304946 4.301954 4.289574 4.281842 4.276495 4.254294 4.183848 4.1547 4.178453 4.25001 4.276235 4.273427 4.270605 4.267801 4.265011 4.251402 4.247326 4.256392
4.450656 4.447315 4.443985 4.440664 4.437356 4.434061 4.430773 4.427495 4.424222 4.420976 4.408089 4.326571 4.285597 4.297934 4.355598 4.302602 4.286287 4.296612 4.353601 4.367024 4.373939 4.382621 4.379481 4.376348 4.373229 4.370121 4.367027 4.363945 4.360889 4.375597 4.467639 4.371044 4.348766 4.345634 4.342616 4.339598 4.336597 4.351399 4.442457 4.340005 4.437115 4.341689 4.318876 4.315813 4.312881 4.309956 4.307036 4.304128 4.301233 4.298347 4.295674 4.31412 4.290275 4.255893 4.194373 4.252536 4.277937 4.275496 4.272669 4.269857 4.267055 4.26426 4.261479 4.258701 4.255923
4.449515 4.446179 4.442857 4.439545 4.43625 4.432896 4.429676 4.426397 4.423131 4.419877 4.416893 4.399393 4.367899 4.297326 4.276696 4.274288 4.273963 4.270136 4.26655 4.265967 4.292379 4.371809 4.3785 4.375341 4.372619 4.381551 4.378981 4.36369 4.359857 4.35697 4.373202 4.351132 4.347752 4.344736 4.341719 4.338707 4.335683 4.34551 4.346467 4.326622 4.340436 4.320956 4.317904 4.314974 4.312046 4.309126 4.306212 4.303309 4.300418 4.297523 4.296846 4.394081 4.310094 4.286056 4.275208 4.28031 4.277555 4.274721 4.271907 4.269101 4.266303 4.26351 4.260728 4.257954 4.255185
4.448356 4.445028 4.441715 4.438419 4.434867 4.414635 4.428465 4.425303 4.422032 4.418949 4.435962 4.413379 4.407141 4.372668 4.310355 4.363871 4.378308 4.376315 4.37118 4.368139 4.372962 4.380629 4.377514 4.389689 4.413918 4.478234 4.476087 4.408522 4.374401 4.355834 4.352924 4.349861 4.346842 4.343818 4.340851 4.337797 4.348943 4.436397 4.344605 4.325866 4.339599 4.320086 4.317048 4.314123 4.311201 4.308287 4.305378 4.302483 4.299548 4.280933 4.192134 4.265482 4.288339 4.269894 4.282405 4.279599 4.276765 4.273946 4.271137 4.268336 4.265543 4.262754 4.259976 4.257206 4.254444
4.447184 4.443865 4.440564 4.437182 4.416082 4.324182 4.411808 4.42417 4.420968 4.43628 4.53028 4.432712 4.408448 4.404572 4.392827 4.398389 4.395393 4.392218 4.389061 4.385952 4.382746 4.379627 4.393268 4.47976 4.506624 4.511712 4.497532 4.498353 4.453487 4.36626 4.351946 4.348933 4.345908 4.343038 4.35895 4.337034 4.347299 4.436052 4.342598 4.340733 4.436903 4.339741 4.316317 4.313261 4.310347 4.307438 4.304535 4.301644 4.29877 4.294895 4.251491 4.186411 4.277832 4.182574 4.26721 4.27879 4.275978 4.273162 4.270358 4.267562 4.264773 4.261991 4.259217 4.256452 4.253694
4.446 4.442691 4.439395 4.436117 4.432646 4.413153 4.426252 4.423069 4.419815 4.41679 4.43355 4.410626 4.406964 4.403792 4.400612 4.397439 4.394311 4.391126 4.387996 4.384745 4.366978 4.381954 4.426694 4.498463 4.499416 4.471277 4.394156 4.474074 4.397751 4.355124 4.351017 4.347991 4.345007 4.360567 4.454309 4.35565 4.333105 4.345646 4.326798 4.32432 4.342919 4.318947 4.315305 4.312394 4.309483 4.306581 4.303683 4.300797 4.297921 4.295116 4.275352 4.19453 4.280716 4.275724 4.28084 4.277998 4.275178 4.272369 4.26957 4.266779 4.263996 4.261218 4.25845 4.255689 4.252936
4.444805 4.441504 4.438217 4.43494 4.43168 4.428387 4.425173 4.421928 4.418697 4.415471 4.412364 4.409064 4.405878 4.4027 4.399526 4.396424 4.408527 4.390165 4.386892 4.369207 4.288968 4.415396 4.502213 4.423584 4.394416 4.404741 4.478958 4.412482 4.349088 4.339109 4.34962 4.347137 4.344021 4.341288 4.358092 4.335425 4.33208 4.328859 4.309147 4.323235 4.308296 4.316628 4.314436 4.311515 4.30861 4.305711 4.302822 4.299942 4.29707 4.29421 4.291355 4.277825 4.277172 4.196627 4.271027 4.277184 4.274373 4.271568 4.268775 4.265988 4.26321 4.260437 4.257674 4.254918 4.25217
4.443597 4.440306 4.437028 4.433757 4.430502 4.42725 4.424012 4.420783 4.417561 4.414351 4.411148 4.407954 4.404801 4.401598 4.398454 4.410496 4.490958 4.390607 4.385915 4.38276 4.380951 4.48847 4.429043 4.375758 4.367104 4.365236 4.367244 4.320123 4.250731 4.247223 4.308677 4.324711 4.331954 4.340069 4.337235 4.334117 4.331089 4.311279 4.222241 4.31377 4.225124 4.281499 4.31321 4.310633 4.307722 4.304892 4.301945 4.299077 4.29621 4.293352 4.290504 4.287659 4.265193 4.160624 4.260886 4.276363 4.273558 4.270758 4.26797 4.265188 4.262415 4.259647 4.256889 4.254138 4.251393
