hazard/lembang_6.8_shakemap.asc
ncols         599
nrows         337
xllcorner     105.300005
yllcorner     -8.374998
cellsize      0.00833
NODATA_value  -9999
[rows 174 to 202 of 337, columns 260 to 324 of 599]
7.435941 7.434893 7.433033 7.435805 7.435932 7.435501 7.434161 7.438634 7.517416 7.695538 7.767696 7.774094 7.774033 7.774093 7.770687 7.719 7.561749 7.458319 7.429035 7.406253 7.31855 7.364789 7.459207 7.55589 7.532372 7.520858 7.554864 7.65885 7.738235 7.770967 7.774166 7.774085 7.774061 7.774008 7.773968 7.774004 7.774105 7.771424 7.745909 7.688828 7.619595 7.507555 7.420634 7.389778 7.377149 7.363455 7.347826 7.349944 7.389334 7.31898 7.272469 7.247068 7.167442 6.995274 6.924391 7.051492 7.127082 7.10409 7.077004 7.051366 7.025092 6.996574 6.969475 6.940182 6.914526
7.391219 7.377727 7.360545 7.385643 7.391888 7.390957 7.389329 7.393366 7.468125 7.651425 7.727565 7.731924 7.730865 7.731593 7.730335 7.686612 7.53162 7.432085 7.391385 7.38164 7.318221 7.20279 7.258335 7.375092 7.400599 7.400895 7.423171 7.502418 7.622431 7.701701 7.728435 7.730215 7.73112 7.730655 7.729986 7.730565 7.731202 7.712664 7.633374 7.519515 7.447781 7.389567 7.358134 7.34546 7.334325 7.319729 7.286242 7.243605 7.238283 7.235934 7.229416 7.210706 7.141016 6.991264 7.040843 7.114244 7.159745 7.088252 7.046685 7.020627 6.994537 6.967535 6.943835 6.92654 6.953509
7.333511 7.268048 7.209869 7.305509 7.343475 7.345283 7.343629 7.347777 7.41734 7.595474 7.678462 7.683619 7.681472 7.683876 7.680784 7.658499 7.587008 7.501122 7.376467 7.347491 7.328855 7.240391 7.129615 7.283322 7.337822 7.342752 7.345941 7.37681 7.456362 7.566761 7.630656 7.643354 7.668441 7.682927 7.685174 7.685269 7.676945 7.617023 7.47822 7.381127 7.340657 7.322041 7.31247 7.301465 7.292929 7.2647 7.176168 7.071215 7.051092 7.102893 7.145277 7.175724 7.153128 7.105815 7.103319 7.164546 7.305728 7.127961 7.028003 6.990604 6.965157 6.956524 6.998427 7.021734 7.127749
7.267479 7.136349 7.078023 7.226227 7.294972 7.300787 7.299488 7.301942 7.356515 7.511854 7.604784 7.593399 7.584511 7.592206 7.56621 7.520099 7.42979 7.364446 7.30885 7.300295 7.301607 7.296649 7.264457 7.297779 7.300933 7.299543 7.298067 7.300645 7.32704 7.39045 7.465344 7.470439 7.546065 7.610507 7.635905 7.631502 7.599063 7.505984 7.3662 7.300982 7.283531 7.268386 7.268003 7.262683 7.294733 7.216334 7.050607 6.943511 6.910371 6.934163 7.011414 7.145768 7.102626 6.973937 6.987998 7.085763 7.180925 7.063392 6.991592 6.960841 6.95171 7.049796 7.159258 7.108053 7.011229
7.242836 7.143429 7.001872 7.170269 7.249606 7.257309 7.255688 7.249007 7.277578 7.374804 7.480066 7.414393 7.392797 7.420444 7.370798 7.329158 7.286524 7.264253 7.255102 7.255512 7.256763 7.258095 7.255596 7.257605 7.256474 7.255866 7.254875 7.252779 7.256617 7.265934 7.29236 7.307586 7.373004 7.478957 7.536619 7.517612 7.461316 7.353351 7.273119 7.247539 7.225625 7.174302 7.219214 7.288359 7.432834 7.231863 7.006289 6.909516 6.855383 6.859944 6.987473 7.220064 7.09258 6.917829 6.8332 6.968369 6.987609 6.940566 6.936956 6.934232 6.968182 7.130159 7.045276 6.95226 6.868292
7.210456 7.15799 7.031498 7.162307 7.211283 7.214266 7.203157 7.160327 7.192646 7.266231 7.354639 7.277687 7.244825 7.248607 7.231647 7.219778 7.21329 7.212306 7.21282 7.213353 7.213412 7.213454 7.213355 7.21311 7.212767 7.21236 7.211324 7.214748 7.249369 7.214943 7.210603 7.214626 7.241641 7.30506 7.370549 7.326146 7.280335 7.232957 7.210528 7.201535 7.14903 7.011542 7.132965 7.227027 7.325423 7.162487 6.971378 6.962201 6.834476 6.813365 6.918367 7.069306 7.019413 6.863554 6.923911 6.937438 6.81385 6.761202 6.831792 6.890882 6.909672 6.998455 6.907891 6.835423 6.790033
7.171845 7.169781 7.149095 7.169763 7.1724 7.169422 7.132344 7.006504 7.068614 7.157403 7.20317 7.17981 7.16993 7.170769 7.169756 7.170247 7.170266 7.16738 7.16627 7.168155 7.171453 7.171799 7.171398 7.170979 7.170518 7.170084 7.175273 7.231445 7.381712 7.230906 7.173979 7.168274 7.170438 7.184803 7.204722 7.189776 7.176969 7.16989 7.168049 7.164076 7.139576 7.097587 7.10144 7.147443 7.158187 7.043463 6.874813 6.823704 6.783277 6.837398 6.965366 7.035355 7.062775 7.01413 7.063996 6.895182 6.712299 6.635615 6.713793 6.847208 6.866557 6.851547 6.836365 6.78719 6.739725
7.128768 7.130123 7.129048 7.130141 7.130026 7.130807 7.113278 7.039098 6.956974 7.077588 7.128547 7.128869 7.127929 7.128376 7.129344 7.129261 7.114216 7.08151 7.068984 7.080173 7.108953 7.122176 7.126847 7.129922 7.129911 7.128938 7.129051 7.148951 7.203748 7.148845 7.128793 7.128047 7.127836 7.12814 7.130102 7.128679 7.12899 7.128159 7.118714 7.088008 7.015514 6.930711 6.953431 7.06907 7.034177 6.925901 6.790462 6.772603 6.829036 6.938513 7.002012 7.055721 7.204607 7.137234 7.157711 6.960967 6.745684 6.672529 6.7904 6.925508 6.996524 6.903754 6.970036 6.798153 6.653619
7.087802 7.088146 7.088261 7.088345 7.088962 7.08352 7.031908 6.950488 6.870686 7.020114 7.08437 7.088544 7.088116 7.088837 7.089212 7.07357 7.004131 6.910458 6.88126 6.903406 6.974498 7.011837 7.03745 7.068891 7.08348 7.088792 7.088068 7.088812 7.098233 7.088653 7.087294 7.087862 7.087887 7.087767 7.08809 7.088964 7.087749 7.069177 7.021077 6.957021 6.861091 6.848448 6.986065 7.040761 6.919272 6.800562 6.747886 6.875737 6.956566 6.988512 6.976744 6.997848 7.12348 7.23106 7.212409 7.040108 6.855639 6.817984 6.923728 7.065843 7.103704 6.99138 6.875804 6.712119 6.528846
7.047767 7.047788 7.047836 7.048109 7.047487 7.022553 6.899649 6.798966 6.805488 6.97728 7.044592 7.04879 7.048853 7.049041 7.038572 6.98752 6.861085 6.780303 6.759384 6.767958 6.798913 6.825164 6.862729 6.939106 6.98862 7.032837 7.048416 7.047915 7.047894 7.047477 7.04801 7.048291 7.048573 7.048795 7.049445 7.047157 7.022732 6.954252 6.855373 6.798733 6.787538 6.911546 7.005726 7.016904 6.949444 6.817737 6.756856 6.875563 6.950477 6.95706 6.941688 6.962845 7.10279 7.206709 7.173047 6.989163 6.851105 6.858947 7.023168 7.116355 7.080233 6.911408 6.773669 6.63399 6.452446
7.008481 7.008345 7.008306 7.008567 7.009153 6.997711 6.903639 6.747045 6.801545 6.959498 7.00738 7.009736 7.009315 6.993216 6.946927 6.877934 6.760292 6.71283 6.71016 6.710511 6.711613 6.717074 6.73095 6.76779 6.823059 6.930782 7.000188 7.009069 7.008806 7.00912 7.009055 7.007826 7.009227 7.004241 6.997201 6.973721 6.905503 6.800101 6.732213 6.709965 6.730497 6.849361 6.90969 6.928735 6.933867 6.925477 6.852321 6.77928 6.849571 6.894318 6.899161 6.90571 6.98152 7.091732 7.096601 6.939487 6.816996 6.856833 7.037668 7.092464 7.044655 6.875753 6.727899 6.591673 6.411071
6.970408 6.970066 6.969604 6.969305 6.969317 6.968756 6.921196 6.798791 6.891254 6.964328 6.971802 6.970945 6.958027 6.886425 6.784231 6.723866 6.678122 6.673438 6.695099 6.695505 6.673776 6.671038 6.671141 6.675449 6.709441 6.819269 6.945456 6.969862 6.970983 6.965265 6.952559 6.9352 6.940529 6.906859 6.877736 6.83417 6.746427 6.686591 6.668697 6.663449 6.662837 6.692717 6.713086 6.728732 6.7532 6.786325 6.710209 6.652736 6.689696 6.770466 6.815335 6.852674 6.873892 6.920218 6.978913 6.91559 6.790401 6.870562 7.035096 7.063921 7.035456 6.922076 6.739415 6.577663 6.388368
6.926089 6.932076 6.932201 6.93095 6.932441 6.954111 6.932546 6.908554 6.903061 6.926629 6.934196 6.931663 6.887668 6.750401 6.663811 6.637809 6.635451 6.672877 6.80492 6.806045 6.673741 6.636786 6.633713 6.634475 6.678555 6.834888 6.925276 6.933658 6.925134 6.87602 6.82524 6.773939 6.809089 6.745724 6.693764 6.660124 6.640386 6.648328 6.651999 6.631263 6.626893 6.637094 6.629018 6.613533 6.61328 6.620496 6.595655 6.572005 6.574806 6.607427 6.669234 6.789285 6.794381 6.743152 6.790328 6.782948 6.800252 6.951979 7.044096 7.036113 7.015313 6.945248 6.773425 6.59119 6.385871
6.828834 6.872695 6.892852 6.899642 6.939427 7.053111 6.902507 6.768853 6.74109 6.819353 6.886831 6.893164 6.825118 6.666355 6.600782 6.595565 6.596274 6.604375 6.647767 6.649149 6.602747 6.596164 6.596583 6.598357 6.648437 6.812596 6.892298 6.89507 6.855104 6.722744 6.650021 6.633734 6.70344 6.823762 6.657733 6.600164 6.658635 6.772761 6.785736 6.7016 6.698911 6.774799 6.7598 6.615269 6.56609 6.55897 6.580355 6.541169 6.526054 6.525136 6.584287 6.737326 6.727264 6.57588 6.727032 6.885584 6.889268 7.002306 7.023165 7.006416 6.988973 6.958845 6.848357 6.651621 6.425565
6.654727 6.750062 6.81817 6.839422 6.844923 6.845874 6.741206 6.622192 6.596993 6.677039 6.819706 6.849317 6.75703 6.606333 6.558751 6.559069 6.55941 6.560126 6.572687 6.586365 6.562788 6.559253 6.559209 6.560756 6.600321 6.747889 6.847103 6.857169 6.802057 6.635268 6.565834 6.595037 6.639906 6.812284 6.634835 6.624397 6.751399 6.842905 6.853256 6.835007 6.833574 6.845795 6.842317 6.630444 6.57613 6.56925 6.708877 6.560742 6.497317 6.48414 6.530936 6.692658 6.742417 6.697156 6.747464 6.912301 6.999062 6.984314 6.980508 6.97689 6.961066 6.943764 6.88254 6.732306 6.513661
6.547293 6.59323 6.677206 6.702326 6.680672 6.622132 6.571552 6.545713 6.524437 6.592446 6.763628 6.802321 6.679369 6.57675 6.526102 6.521803 6.52444 6.556164 6.685346 6.736753 6.633012 6.544225 6.522944 6.521903 6.536836 6.640531 6.787473 6.819969 6.774079 6.611125 6.561818 6.71668 6.607505 6.77846 6.647673 6.725188 6.812099 6.869313 6.825583 6.806957 6.762692 6.789683 6.686713 6.575029 6.679684 6.547697 6.552679 6.488238 6.459922 6.449392 6.476955 6.624192 6.70745 6.698736 6.699821 6.807499 6.954372 6.835938 6.864107 6.934991 6.932737 6.900973 6.828957 6.716605 6.553556
6.644213 6.532116 6.512969 6.516581 6.517354 6.525982 6.578657 6.674748 6.522394 6.55132 6.725265 6.783905 6.758681 6.68641 6.566584 6.495431 6.485857 6.501853 6.593378 6.714528 6.726847 6.594159 6.499777 6.485699 6.497087 6.601116 6.751856 6.785891 6.760717 6.634212 6.515919 6.590278 6.672458 6.768348 6.766759 6.78459 6.849968 6.989613 6.832091 6.737893 6.595707 6.726617 6.595014 6.491917 6.513675 6.464886 6.453969 6.436361 6.425253 6.417142 6.42858 6.544903 6.688837 6.724083 6.690614 6.732492 6.908901 6.759482 6.726088 6.876195 6.878712 6.79306 6.669918 6.58069 6.507714
6.706689 6.56231 6.465238 6.47549 6.610448 6.681299 6.686863 6.593421 6.517753 6.564795 6.708611 6.749942 6.750169 6.739385 6.664663 6.53587 6.460014 6.450092 6.482559 6.567262 6.661889 6.646314 6.495128 6.453587 6.489578 6.64635 6.742533 6.750873 6.70811 6.550246 6.45423 6.484512 6.578207 6.670671 6.739072 6.751808 6.76976 6.804408 6.715944 6.738678 6.715455 6.709033 6.585924 6.453708 6.430858 6.41827 6.410625 6.40101 6.395018 6.420023 6.474934 6.610937 6.771676 6.876672 6.813506 6.715809 6.888984 6.886393 6.868579 6.875474 6.784611 6.643522 6.544433 6.495928 6.471045
6.714277 6.644906 6.522874 6.469621 6.573038 6.653467 6.710871 6.699121 6.67276 6.686497 6.713787 6.715647 6.715467 6.716294 6.706038 6.630298 6.50108 6.426045 6.418386 6.440428 6.495289 6.545019 6.442753 6.418431 6.478825 6.648688 6.714362 6.715795 6.669385 6.507798 6.42112 6.509394 6.653756 6.553552 6.671521 6.712979 6.712186 6.673913 6.536627 6.671719 6.700265 6.622677 6.482571 6.402123 6.389483 6.384177 6.376198 6.374356 6.433618 6.54276 6.594042 6.625504 6.64495 6.677772 6.706494 6.808803 6.899216 6.892228 6.866127 6.800278 6.648115 6.533023 6.48056 6.461058 6.445514
6.638461 6.648156 6.647038 6.57433 6.452708 6.494356 6.635061 6.680461 6.680031 6.68022 6.680506 6.678823 6.679858 6.68094 6.681911 6.671821 6.601543 6.491175 6.447876 6.424608 6.397527 6.399608 6.382464 6.395226 6.489007 6.640489 6.681388 6.682323 6.644026 6.516938 6.41136 6.56973 6.645687 6.482496 6.625335 6.677516 6.681147 6.678405 6.65053 6.675813 6.652894 6.528312 6.434986 6.389807 6.360553 6.352717 6.350906 6.41193 6.532764 6.605595 6.606929 6.63496 6.768862 6.82991 6.853817 6.885612 6.869584 6.816031 6.763154 6.683336 6.546072 6.473332 6.450439 6.435497 6.419685
6.461537 6.49039 6.585411 6.63067 6.537443 6.418473 6.570162 6.640426 6.648061 6.679839 6.682724 6.649246 6.644903 6.64564 6.645477 6.646874 6.645401 6.624799 6.610816 6.583023 6.518671 6.375009 6.377573 6.44733 6.570289 6.642199 6.649182 6.640195 6.568541 6.422744 6.432968 6.588916 6.644967 6.615523 6.645513 6.647574 6.646835 6.646828 6.644606 6.644401 6.640351 6.617189 6.574397 6.522117 6.424887 6.387915 6.410798 6.513536 6.59017 6.634041 6.57763 6.624472 6.807285 6.879184 6.871902 6.841309 6.755219 6.640512 6.573771 6.521226 6.464201 6.438924 6.424242 6.410569 6.395095
6.450708 6.381013 6.431731 6.537731 6.537351 6.369627 6.52277 6.608609 6.669063 6.815328 6.831547 6.706427 6.620852 6.610598 6.616229 6.649999 6.617924 6.612039 6.571745 6.480128 6.531766 6.359917 6.478127 6.566152 6.611283 6.615884 6.612754 6.576309 6.475992 6.360973 6.505844 6.567864 6.586796 6.609921 6.615483 6.613732 6.613188 6.612821 6.611811 6.60992 6.607809 6.604467 6.599934 6.592285 6.561278 6.543255 6.547029 6.569701 6.62528 6.76119 6.595548 6.606873 6.793769 6.854112 6.823052 6.729433 6.597042 6.505735 6.464587 6.443136 6.426235 6.412218 6.399653 6.413846 6.398828
6.30674 6.291779 6.307227 6.393582 6.489241 6.323083 6.487072 6.579157 6.669376 6.855115 6.903223 6.786741 6.62001 6.585513 6.670237 6.795361 6.672678 6.576949 6.471363 6.375919 6.472416 6.325379 6.461639 6.566615 6.583255 6.581534 6.552134 6.46671 6.350482 6.34278 6.512689 6.430795 6.430465 6.533062 6.577965 6.581477 6.580561 6.57993 6.578832 6.577007 6.574602 6.571703 6.568386 6.564525 6.558267 6.552334 6.546027 6.539906 6.54789 6.587425 6.527554 6.579983 6.770695 6.812201 6.722563 6.580934 6.482624 6.440122 6.425146 6.412634 6.401079 6.387811 6.401614 6.389527 6.374929
6.31761 6.399853 6.292604 6.302564 6.421834 6.337118 6.485775 6.551119 6.630741 6.798611 6.821841 6.734146 6.586761 6.575668 6.713914 6.791239 6.697145 6.522519 6.339818 6.289718 6.382793 6.267097 6.384858 6.521786 6.548968 6.532114 6.447288 6.323804 6.265408 6.345079 6.447008 6.323661 6.313383 6.433557 6.520735 6.548083 6.548924 6.547717 6.546531 6.544794 6.542403 6.539382 6.535751 6.531568 6.526812 6.521259 6.514706 6.507623 6.500541 6.497786 6.486121 6.554169 6.738311 6.738413 6.588073 6.471753 6.423052 6.411756 6.39967 6.38763 6.402459 6.3845 6.362146 6.332524 6.338886
6.419311 6.491722 6.362617 6.247385 6.326487 6.427282 6.506852 6.521651 6.564958 6.674801 6.641647 6.581745 6.521769 6.51944 6.570992 6.602509 6.560436 6.448624 6.282365 6.402739 6.295336 6.309347 6.462525 6.515748 6.513758 6.454291 6.315092 6.235447 6.277585 6.437819 6.356368 6.247228 6.225872 6.297942 6.417171 6.494134 6.516835 6.516285 6.514737 6.513018 6.510711 6.50778 6.504232 6.500066 6.495077 6.488783 6.484254 6.47648 6.469805 6.461835 6.456185 6.515852 6.678582 6.639754 6.490254 6.415254 6.395985 6.413527 6.40235 6.387768 6.357782 6.296423 6.235281 6.17627 6.239983
6.438522 6.422244 6.275273 6.204008 6.313671 6.399786 6.459808 6.481813 6.487107 6.516335 6.509179 6.493205 6.483787 6.483557 6.489239 6.495664 6.485284 6.426071 6.267824 6.242466 6.272 6.432252 6.611684 6.526554 6.469345 6.365782 6.226016 6.194973 6.290085 6.398094 6.374912 6.272403 6.192503 6.202195 6.27726 6.396553 6.474252 6.485133 6.483491 6.481673 6.479438 6.476606 6.473147 6.468943 6.463464 6.461024 6.498269 6.451137 6.439456 6.432159 6.425178 6.45564 6.566926 6.495296 6.41405 6.407233 6.397425 6.388424 6.374423 6.330437 6.23836 6.120764 6.053407 6.0229 6.087028
6.434813 6.328062 6.216751 6.157952 6.195374 6.251444 6.32755 6.394049 6.377965 6.388624 6.427741 6.451003 6.454181 6.453598 6.453259 6.453762 6.454274 6.442773 6.357797 6.257505 6.360923 6.533633 6.722517 6.551482 6.419912 6.259507 6.16494 6.194963 6.359671 6.270583 6.247326 6.33893 6.194381 6.157767 6.179127 6.271445 6.413354 6.452981 6.452701 6.450744 6.448553 6.445742 6.442209 6.438011 6.436662 6.48526 6.636123 6.476905 6.416371 6.403998 6.396116 6.393288 6.427947 6.407403 6.38933 6.38092 6.371301 6.359403 6.315545 6.215304 6.081949 6.005366 5.989696 5.970445 5.98812
6.419051 6.378903 6.297678 6.214881 6.312578 6.321944 6.196509 6.264515 6.203787 6.22762 6.315817 6.391925 6.422152 6.423705 6.422768 6.42267 6.42312 6.423928 6.419167 6.389482 6.431143 6.54949 6.647304 6.500422 6.387892 6.240169 6.152072 6.140769 6.260069 6.372754 6.251381 6.20111 6.132796 6.123923 6.12917 6.200673 6.36509 6.421624 6.421957 6.41994 6.41775 6.414785 6.412696 6.40873 6.404377 6.413476 6.463848 6.406805 6.4107 6.404462 6.396912 6.388361 6.381909 6.370892 6.362558 6.353601 6.343959 6.314925 6.212087 6.069316 5.988564 6.030728 6.130127 6.089433 5.953982
6.295826 6.258158 6.188834 6.303665 6.384689 6.382969 6.292211 6.193874 6.209192 6.31247 6.207407 6.290021 6.36884 6.393947 6.393371 6.393135 6.393146 6.393238 6.39328 6.395113 6.448744 6.595447 6.523863 6.429255 6.392085 6.342353 6.253324 6.119442 6.159417 6.320368 6.35948 6.291398 6.145166 6.095914 6.096021 6.155818 6.32418 6.392675 6.392139 6.390371 6.388285 6.386779 6.411242 6.408604 6.404264 6.399251 6.398802 6.388111 6.383368 6.376437 6.368228 6.36356 6.403846 6.350465 6.334794 6.326333 6.314828 6.25338 6.087954 5.976421 5.987595 6.142846 6.234463 6.177626 6.035928
