hazard/lembang_6.8_shakemap.asc
ncols         599
nrows         337
xllcorner     105.300005
yllcorner     -8.374998
cellsize      0.00833
NODATA_value  -9999
[rows 203 to 231 of 337, columns 325 to 389 of 599]
6.165926 6.177595 6.107184 5.914951 5.813617 5.793914 5.780989 5.766889 5.752513 5.758063 5.88837 6.010005 6.020733 6.00507 5.989508 5.973921 5.957906 5.943133 5.927132 5.918423 5.947504 6.103184 6.014864 5.881078 5.831071 5.815412 5.800218 5.771675 5.695258 5.584134 5.68656 5.713552 5.692434 5.658674 5.66642 5.654151 5.637277 5.62092 5.604682 5.588474 5.572288 5.556127 5.539975 5.523761 5.507353 5.491811 5.521532 5.676429 5.580288 5.560824 5.640875 5.686934 5.696064 5.593572 5.428921 5.345923 5.317461 5.302026 5.286603 5.271389 5.261209 5.242308 5.225152 5.210242 5.195193
6.023549 6.137708 6.099765 5.931808 5.812552 5.773294 5.7583 5.744419 5.72998 5.724716 5.818824 5.976387 5.999832 5.985229 5.969763 5.954126 5.94541 5.966075 5.940844 5.892729 5.893832 5.995403 6.1118 5.919936 5.825924 5.799399 5.783135 5.767875 5.748286 5.711074 5.719438 5.704532 5.688071 5.671498 5.656021 5.639566 5.623425 5.607404 5.59138 5.57538 5.559401 5.543445 5.527469 5.51139 5.495032 5.47971 5.487827 5.602243 5.705045 5.729781 5.752617 5.747139 5.732408 5.666185 5.515105 5.410407 5.330568 5.292521 5.276791 5.26174 5.246524 5.231345 5.216371 5.201338 5.186354
6.043571 6.125465 6.110254 6.01916 5.883642 5.80404 5.746717 5.723872 5.714718 5.745499 5.823238 5.962516 5.97972 5.965269 5.949632 5.944447 6.023746 6.125916 6.068588 5.906155 5.907123 5.903566 6.021991 5.916616 5.86658 5.827796 5.776761 5.751333 5.735815 5.720044 5.704929 5.688757 5.672943 5.657208 5.64131 5.625437 5.609627 5.593822 5.578008 5.562218 5.546446 5.530639 5.514492 5.498887 5.48934 5.511196 5.536054 5.642692 5.760432 5.7663 5.727538 5.720676 5.714245 5.69857 5.646773 5.564762 5.42242 5.312839 5.267355 5.251966 5.237096 5.22208 5.207119 5.1922 5.177333
6.074615 6.105175 6.094197 6.073653 6.01534 5.942652 5.833642 5.78835 5.803101 5.890423 5.943528 5.973631 5.960359 5.944903 5.931719 5.98525 6.148465 6.222199 6.097116 5.906607 6.059181 5.947387 5.923068 6.026827 6.038705 5.983381 5.856952 5.76303 5.721958 5.704299 5.688738 5.673458 5.657959 5.642502 5.626967 5.61137 5.595766 5.580163 5.56456 5.548985 5.533371 5.517242 5.502345 5.507064 5.571603 5.665838 5.658448 5.575824 5.731554 5.720611 5.580891 5.58308 5.587991 5.602726 5.621131 5.630067 5.535726 5.377355 5.27111 5.242103 5.227413 5.212583 5.197748 5.182965 5.1682
6.093431 6.082619 6.070279 6.058632 6.045433 6.025231 5.98204 5.956652 5.956566 5.975324 5.967285 5.954364 5.939697 5.925103 5.924746 6.034651 6.200183 6.205059 6.04291 5.874708 5.982042 6.074871 6.092803 6.129548 6.123158 6.084715 5.990059 5.856066 5.770482 5.705591 5.674995 5.658279 5.643321 5.627578 5.612455 5.597209 5.581662 5.566153 5.550749 5.535411 5.519814 5.505057 5.535779 5.604307 5.718311 5.781544 5.772371 5.729913 5.757322 5.698448 5.521413 5.417755 5.389836 5.394807 5.423864 5.496351 5.500636 5.421091 5.279297 5.233092 5.217597 5.202976 5.1883 5.173629 5.158661
6.070856 6.058952 6.047266 6.035552 6.023861 6.011767 5.998619 5.985823 5.973067 5.96077 5.947172 5.933443 5.919446 5.906221 5.94654 6.118618 6.221325 6.158265 5.965321 5.942721 6.070919 6.102633 6.137772 6.125298 6.110422 6.095228 6.067566 6.00252 5.922276 5.804092 5.730431 5.676108 5.661121 5.620576 5.597613 5.582431 5.567878 5.553698 5.538651 5.522433 5.507101 5.515909 5.649862 5.751303 5.800765 5.792943 5.777877 5.761944 5.748469 5.718892 5.618717 5.499644 5.49567 5.392011 5.318124 5.314025 5.312697 5.281607 5.236878 5.222412 5.207734 5.193057 5.178702 5.164083 5.149766
6.047208 6.036057 6.024724 6.013158 6.00139 5.989449 5.977403 5.965076 5.952378 5.939431 5.926399 5.913244 5.8993 5.888139 5.961201 6.1455 6.206262 6.146464 5.989334 6.070557 6.036727 5.945994 6.085323 6.107081 6.093016 6.078518 6.064076 6.04812 6.019056 5.960273 5.896916 5.811635 5.809306 5.695605 5.596581 5.568752 5.591319 5.610702 5.599732 5.562665 5.512092 5.519354 5.641747 5.781238 5.79529 5.781276 5.765857 5.750781 5.735827 5.721156 5.69628 5.650686 5.628102 5.548157 5.455993 5.478853 5.429559 5.276383 5.228038 5.240267 5.21173 5.1854 5.168756 5.15438 5.142624
6.024245 6.013402 6.002327 5.991018 5.979484 5.967729 5.95579 5.943652 5.931307 5.918708 5.905833 5.892999 5.879513 5.883594 5.995053 6.151159 6.189306 6.172966 6.116967 6.078444 5.918805 5.981338 6.086031 6.09081 6.076187 6.061711 6.047407 6.033273 6.018749 6.004028 5.985219 5.947313 5.924917 5.817705 5.636693 5.574074 5.723391 5.79729 5.791104 5.732959 5.636393 5.629139 5.740305 5.794468 5.741184 5.748914 5.745049 5.739057 5.724297 5.709588 5.694937 5.679851 5.665456 5.642405 5.6079 5.581868 5.467711 5.277061 5.27283 5.38172 5.319852 5.242454 5.168264 5.144563 5.143126
6.001489 5.990892 5.980067 5.969009 5.957708 5.946226 5.934535 5.922648 5.910449 5.897523 5.886317 5.872033 5.861279 5.922562 6.08823 6.127105 6.149914 6.157 6.139901 6.072975 5.901422 5.892143 6.044966 6.072937 6.05952 6.04522 6.031038 6.016829 6.002831 5.988397 5.938532 5.812622 5.857277 5.856403 5.685531 5.572861 5.752112 5.853975 5.855424 5.808009 5.796146 5.786458 5.796319 5.746045 5.584533 5.632629 5.649469 5.708549 5.707852 5.692131 5.680086 5.669186 5.65461 5.640246 5.62026 5.543788 5.415869 5.269724 5.36534 5.487585 5.483422 5.384212 5.215197 5.137163 5.15755
5.978855 5.968493 5.95792 5.947042 5.935794 5.924752 5.9134 5.90169 5.88916 5.879072 5.914117 5.856069 5.854958 5.97399 6.130455 5.983965 6.021841 6.096062 6.124969 6.107815 6.048771 6.036923 6.069688 6.057078 6.042647 6.028726 6.014786 6.00079 5.986938 5.969779 5.896641 5.718538 5.696303 5.80777 5.77237 5.595801 5.691519 5.759302 5.76484 5.649249 5.76589 5.798184 5.789565 5.758014 5.652336 5.527724 5.483188 5.615173 5.616645 5.594217 5.599627 5.633929 5.642693 5.629334 5.587799 5.448536 5.339297 5.35644 5.489024 5.395741 5.48354 5.430978 5.255112 5.135734 5.140327
5.955904 5.945773 5.935339 5.924474 5.915008 5.903049 5.892195 5.880702 5.870367 5.908712 6.058869 5.896722 5.89469 6.060733 6.149079 6.019444 5.878625 5.985676 6.088985 6.094409 6.079894 6.065452 6.053751 6.040191 6.025992 6.012249 5.998533 5.984749 5.971107 5.956937 5.90837 5.761541 5.600913 5.686262 5.826451 5.655754 5.554646 5.583319 5.668296 5.67859 5.701096 5.721009 5.74127 5.734931 5.732766 5.681172 5.622658 5.54336 5.455864 5.399069 5.409529 5.512214 5.591316 5.614419 5.604294 5.564363 5.511079 5.476842 5.388678 5.252097 5.35671 5.360823 5.276526 5.13586 5.102848
5.935461 5.926731 5.914231 5.906826 5.946044 5.889305 5.870849 5.859749 5.848858 5.8582 5.886406 5.902852 5.965827 6.107069 6.138055 6.055051 5.895954 5.896097 6.039833 6.04435 6.044332 6.003088 5.993172 6.018807 6.00979 5.995883 5.9823 5.96871 5.955159 5.941945 5.919677 5.829616 5.680684 5.697 5.845721 5.791378 5.69477 5.587026 5.52703 5.489316 5.497056 5.521769 5.579951 5.56794 5.618808 5.610812 5.539979 5.408205 5.526011 5.411624 5.312369 5.353056 5.463363 5.531994 5.572765 5.533947 5.390798 5.357932 5.44518 5.31111 5.236589 5.183522 5.152538 5.111032 5.09099
5.998018 6.003346 5.968108 5.965055 6.099946 5.92533 5.853972 5.839707 5.854649 5.983457 6.057045 6.092539 6.113441 6.128571 6.123386 6.105397 6.056814 6.042952 6.014345 5.904832 5.923024 5.827011 5.830896 5.956898 5.992148 5.980087 5.966331 5.952742 5.939281 5.925965 5.912899 5.892263 5.841844 5.836845 5.857922 5.844739 5.81238 5.751071 5.705725 5.637323 5.511702 5.421867 5.414258 5.407816 5.423807 5.420606 5.418375 5.507277 5.635067 5.556204 5.40801 5.288953 5.299928 5.356388 5.453016 5.451838 5.283375 5.228428 5.315667 5.432347 5.397243 5.307971 5.298336 5.211346 5.144864
6.165518 6.186869 6.116601 6.017977 5.957626 5.864598 5.829692 5.817805 5.814597 5.898898 5.995717 6.116629 6.089217 6.041399 6.071722 6.077858 6.055458 5.99364 5.908117 5.783368 5.798948 5.704587 5.72189 5.887512 5.957546 5.959198 5.948971 5.937229 5.923586 5.910362 5.897505 5.884907 5.868136 5.852175 5.839297 5.817756 5.758842 5.644797 5.691011 5.709944 5.622549 5.44123 5.375542 5.356852 5.344998 5.333128 5.328692 5.391581 5.526162 5.52357 5.347854 5.29334 5.259858 5.240219 5.289464 5.34143 5.21959 5.206072 5.20973 5.290023 5.396995 5.451061 5.442381 5.387112 5.312258
5.984482 6.004794 6.024095 6.133668 6.00412 5.916171 5.846677 5.799322 5.81952 5.977355 6.084088 6.091309 5.960938 5.846602 5.934719 5.947076 5.928174 5.839355 5.771361 5.691384 5.664322 5.678118 5.660955 5.791512 5.850875 5.865868 5.886685 5.918888 5.908582 5.895525 5.876643 5.845261 5.791924 5.74923 5.725844 5.698452 5.631154 5.50785 5.5051 5.550613 5.619969 5.457956 5.39967 5.346988 5.33283 5.355477 5.366701 5.311347 5.358738 5.409845 5.292172 5.434496 5.389383 5.237328 5.203025 5.208719 5.215155 5.361075 5.342923 5.214849 5.246813 5.350399 5.412573 5.438079 5.396907
5.861061 5.864954 5.894107 5.996376 6.076029 6.050478 5.941208 5.80065 5.793492 5.918873 5.998646 6.035357 6.03859 5.960256 5.839014 5.771277 5.787505 5.88476 5.897785 5.786227 5.67137 5.833422 5.669225 5.646359 5.65498 5.668859 5.734158 5.870422 5.885805 5.868054 5.799679 5.730292 5.636878 5.563983 5.524855 5.500517 5.466462 5.424259 5.47482 5.643092 5.528903 5.50031 5.521637 5.376162 5.345078 5.481697 5.555001 5.429854 5.300234 5.295371 5.364995 5.504275 5.3459 5.221807 5.238719 5.179264 5.162277 5.205915 5.187755 5.127595 5.119771 5.170413 5.268817 5.410754 5.336282
5.82445 5.815664 5.813385 5.846167 5.884435 5.87202 5.814618 5.760477 5.785176 5.767644 5.794248 5.851347 5.916941 6.027762 5.935767 5.835001 5.708281 5.709383 5.709918 5.66189 5.670411 5.67496 5.598692 5.575513 5.565506 5.575249 5.675612 5.822654 5.795917 5.785804 5.662513 5.608921 5.736195 5.672989 5.503871 5.431746 5.411632 5.398578 5.414612 5.525624 5.622646 5.667027 5.589192 5.391175 5.311413 5.343174 5.375595 5.351676 5.272157 5.279849 5.427885 5.369302 5.25664 5.240387 5.397747 5.227537 5.151169 5.135782 5.123589 5.139123 5.101848 5.102857 5.207241 5.383154 5.228917
5.803842 5.794401 5.776874 5.779088 5.777885 5.766806 5.753079 5.785832 5.942472 5.88505 5.757346 5.869213 5.930275 5.922198 5.808867 5.747227 5.647074 5.635625 5.665559 5.668549 5.819247 5.656778 5.580647 5.560743 5.548416 5.560873 5.697417 5.745316 5.623831 5.699615 5.710819 5.529549 5.597729 5.664482 5.492084 5.413764 5.39759 5.384851 5.373693 5.405865 5.480181 5.565991 5.517659 5.35959 5.293992 5.288579 5.353688 5.509088 5.366789 5.249209 5.265432 5.232913 5.19171 5.182814 5.230697 5.166367 5.136744 5.124279 5.15697 5.291078 5.214016 5.187926 5.246486 5.367706 5.179385
5.782691 5.757883 5.697037 5.743161 5.74738 5.737621 5.72759 5.725044 5.775928 5.759848 5.692712 5.719768 5.74408 5.73842 5.730944 5.837041 5.672211 5.732726 5.824472 5.661954 5.651683 5.593947 5.628866 5.613303 5.557378 5.521204 5.563091 5.636672 5.743802 5.594453 5.73487 5.529166 5.661566 5.560365 5.440079 5.396592 5.383952 5.369334 5.354335 5.34831 5.358024 5.38194 5.358645 5.301452 5.280735 5.268378 5.285249 5.37782 5.407904 5.250223 5.208617 5.19023 5.177525 5.164812 5.157446 5.139036 5.125973 5.121442 5.179677 5.268759 5.354983 5.370051 5.386264 5.358084 5.170509
5.75717 5.691404 5.532622 5.680932 5.725091 5.717923 5.708144 5.701725 5.761022 5.900048 5.728259 5.665491 5.652951 5.642786 5.638656 5.673994 5.664321 5.817048 5.727834 5.60385 5.597443 5.71383 5.815273 5.783374 5.678331 5.572763 5.498309 5.520081 5.63318 5.732918 5.714896 5.548176 5.506397 5.440164 5.396053 5.381909 5.364949 5.313246 5.291159 5.319835 5.319929 5.309888 5.295599 5.280606 5.268374 5.255507 5.243513 5.253815 5.256192 5.206846 5.245053 5.187942 5.166108 5.153484 5.140682 5.127574 5.118756 5.19057 5.326627 5.402958 5.413295 5.368055 5.33961 5.310246 5.194455
5.741071 5.727372 5.676323 5.713768 5.707346 5.697845 5.688525 5.679008 5.684981 5.729577 5.665343 5.63995 5.629845 5.619453 5.607998 5.604102 5.6476 5.652501 5.598487 5.553626 5.547206 5.604741 5.643947 5.681523 5.786338 5.690149 5.512839 5.474918 5.583448 5.689915 5.608977 5.591693 5.458198 5.396393 5.379458 5.36653 5.319974 5.177341 5.125631 5.238569 5.297987 5.293437 5.28022 5.269579 5.255439 5.24295 5.230275 5.21778 5.209005 5.24708 5.405971 5.237078 5.160427 5.141897 5.128928 5.117343 5.12489 5.258629 5.362378 5.390553 5.29379 5.203163 5.151638 5.153306 5.077472
5.720423 5.71226 5.703393 5.696508 5.687019 5.677925 5.668935 5.659601 5.650283 5.647399 5.63128 5.621435 5.61161 5.601068 5.592408 5.647121 5.801246 5.641772 5.557556 5.538975 5.582615 5.74118 5.595935 5.555471 5.614023 5.634051 5.493134 5.483618 5.632611 5.559819 5.47582 5.449172 5.396563 5.376759 5.365241 5.353403 5.32252 5.204532 5.049564 5.138665 5.241865 5.278234 5.273925 5.317633 5.256759 5.230412 5.216625 5.204487 5.19283 5.18996 5.23772 5.172882 5.142797 5.12999 5.120521 5.155834 5.095823 5.131767 5.197525 5.263113 5.159132 5.305966 5.165167 5.044406 5.115498
5.695352 5.657946 5.664263 5.66877 5.667094 5.658609 5.649406 5.640396 5.631132 5.621892 5.612415 5.60285 5.592585 5.5838 5.575721 5.629902 5.636399 5.560738 5.531119 5.520772 5.520999 5.566544 5.504228 5.476675 5.482719 5.497183 5.446386 5.433746 5.47195 5.435779 5.40116 5.387436 5.373888 5.362429 5.350698 5.339078 5.325635 5.268218 5.141557 5.030361 5.144704 5.252101 5.324284 5.478249 5.310345 5.214968 5.16713 5.161085 5.179613 5.168297 5.161777 5.143593 5.130921 5.119927 5.162288 5.308917 5.136785 5.076794 5.092973 5.171714 5.286867 5.188101 5.070847 5.121039 5.24072
5.639567 5.511994 5.534384 5.571661 5.619429 5.63785 5.630325 5.62114 5.612149 5.603012 5.593702 5.583811 5.578757 5.629673 5.622989 5.779524 5.626163 5.531974 5.513964 5.503873 5.492908 5.485502 5.472284 5.460995 5.50566 5.65859 5.491172 5.419538 5.407589 5.393928 5.38211 5.370776 5.359205 5.34775 5.336117 5.324414 5.313085 5.298067 5.24192 5.14879 5.083014 5.215126 5.260308 5.30971 5.235607 5.125107 5.02355 5.030524 5.142892 5.156042 5.144147 5.130039 5.11959 5.107079 5.103076 5.12382 5.046392 5.027888 5.044976 5.063506 5.111125 5.098277 5.192185 5.264637 5.23005
5.608773 5.444938 5.369556 5.392295 5.498695 5.587789 5.61057 5.602087 5.593147 5.584181 5.574903 5.567817 5.615807 5.77281 5.613796 5.619094 5.585413 5.514186 5.496702 5.486808 5.475944 5.468625 5.510191 5.450775 5.441805 5.490039 5.427769 5.400656 5.389577 5.378492 5.367241 5.355521 5.345621 5.332856 5.32145 5.309996 5.298428 5.287193 5.275167 5.254399 5.227218 5.239038 5.212845 5.186408 5.175822 5.028802 4.957057 4.976255 5.119064 5.143891 5.128167 5.085585 5.106262 5.095607 5.068941 4.983511 4.917778 4.930249 5.01868 5.022808 5.016251 4.989627 5.018883 5.051385 5.02097
5.62453 5.529353 5.406463 5.321394 5.360926 5.501823 5.588077 5.582779 5.574163 5.565455 5.556433 5.547145 5.550403 5.59759 5.538963 5.583463 5.718458 5.55062 5.483814 5.469554 5.461469 5.509124 5.665689 5.495574 5.421447 5.412103 5.39599 5.385112 5.374303 5.363227 5.351717 5.344642 5.388431 5.329093 5.306905 5.295647 5.284449 5.27259 5.261932 5.221776 5.10787 5.178775 5.106293 5.049818 5.172569 5.050265 5.0614 5.019226 5.124026 5.131088 5.086202 4.964311 5.070506 5.083769 5.071897 5.050219 5.023645 5.017567 5.026105 5.011407 4.985271 4.899102 4.877451 4.911542 4.873552
5.618402 5.610043 5.596725 5.466957 5.370471 5.451428 5.605129 5.568569 5.555076 5.546737 5.538046 5.528979 5.519961 5.51702 5.500841 5.503657 5.542114 5.485505 5.461853 5.452433 5.442516 5.445264 5.49431 5.429684 5.401227 5.390756 5.38026 5.369641 5.358835 5.347791 5.338731 5.386621 5.5447 5.377181 5.299918 5.277982 5.269768 5.235394 5.239982 5.192304 5.037662 5.098506 4.992668 5.098985 5.176059 5.152846 5.148212 5.126238 5.131063 5.119748 5.105554 5.068405 5.083868 5.072342 5.060403 5.048543 5.036479 5.031541 5.076304 5.014095 4.997231 4.982593 5.000886 5.123724 4.979559
5.601359 5.652285 5.79256 5.61685 5.537725 5.591058 5.772363 5.612007 5.541849 5.52817 5.519673 5.511108 5.501902 5.486921 5.483483 5.473549 5.470857 5.50792 5.451976 5.437504 5.425594 5.415326 5.411985 5.395687 5.385289 5.375063 5.364618 5.354051 5.343409 5.332615 5.321665 5.323767 5.374438 5.310659 5.265701 5.211132 5.230365 5.111995 5.174141 5.217196 5.141768 5.043901 5.09489 5.161565 5.165267 5.153505 5.142118 5.130071 5.119369 5.106393 5.095751 5.086576 5.072481 5.060088 5.048647 5.036878 5.026913 5.074944 5.232873 5.065424 4.997771 4.988601 4.984166 5.004046 4.898802
5.578486 5.585791 5.633069 5.571672 5.549619 5.551245 5.605644 5.544234 5.518076 5.509751 5.501537 5.492986 5.469211 5.412032 5.454556 5.459935 5.508716 5.668313 5.507685 5.493054 5.420235 5.401502 5.389238 5.379284 5.369439 5.359218 5.348909 5.338487 5.328015 5.317452 5.306677 5.295902 5.292468 5.270599 5.209485 5.065131 5.197139 5.035751 5.06583 5.231734 5.36154 5.200801 5.170607 5.163445 5.152089 5.140591 5.128774 5.119646 5.151854 5.096059 5.127502 5.152496 5.101138 5.050493 5.036678 5.025376 5.013688 5.013753 5.065196 5.006736 4.98888 4.984324 4.984125 5.029496 4.967468
