hazard/lembang_6.8_shakemap.asc
ncols         599
nrows         337
xllcorner     105.3000035
yllcorner     -8.3749995
cellsize      0.008333
NODATA_value  -9999
[rows 58 to 86 of 337, columns 195 to 259 of 599]
-9999 -9999 -9999 -9999 -9999 -9999 -9999 -9999 5.671473 5.681804 5.692065 5.70224 5.712328 5.722325 5.732228 5.742029 5.751729 5.761323 5.770805 5.780176 5.789429 5.798559 5.807561 5.816435 5.825166 5.833769 5.842227 5.850542 5.858706 5.866717 5.874566 5.882254 5.889775 5.897123 5.904299 5.911294 5.918108 5.924731 5.931165 5.937397 5.943438 5.949274 5.954905 5.960326 5.965533 5.970522 5.975292 5.979838 5.984157 5.988247 5.992104 5.995726 5.999109 6.002253 6.005151 6.007807 6.010216 6.012377 -9999 -9999 -9999 -9999 -9999 -9999 -9999
-9999 -9999 -9999 -9999 -9999 -9999 -9999 -9999 -9999 5.696889 5.707301 5.717628 5.727869 5.738018 5.748073 5.758027 5.767879 5.777626 5.78726 5.796783 5.806186 5.815467 5.82462 5.833643 5.842523 5.851273 5.859878 5.868338 5.876646 5.884798 5.892787 5.900615 5.908273 5.915756 5.923065 5.930191 5.937131 5.943881 5.950437 5.956789 5.962945 5.968894 5.974636 5.980163 5.985474 5.990562 5.995427 6.000064 6.00447 6.008643 6.012578 6.016275 6.019727 6.022935 6.025893 6.028605 6.031064 6.03327 6.035221 -9999 -9999 -9999 -9999 -9999 -9999
-9999 -9999 -9999 -9999 -9999 -9999 -9999 -9999 -9999 5.712006 5.722572 5.733053 5.743449 5.753754 5.763965 5.774074 5.784082 5.793984 5.803773 5.813451 5.823009 5.832444 5.84175 5.850926 5.859958 5.868859 5.877614 5.886222 5.894677 5.902976 5.911109 5.919078 5.926877 5.934499 5.941943 5.949203 5.956275 5.963152 5.969835 5.976309 5.982585 5.988651 5.994505 6.000143 6.005559 6.010749 6.015713 6.020444 6.024939 6.029198 6.033214 6.036986 6.04051 6.043785 6.046804 6.049572 6.052083 6.054336 6.056328 -9999 -9999 -9999 -9999 -9999 -9999
-9999 -9999 -9999 -9999 -9999 -9999 -9999 -9999 -9999 -9999 -9999 5.748516 5.759069 5.769532 5.779902 5.790169 5.800336 5.810397 5.820344 5.830181 5.839897 5.849489 5.858952 5.868284 5.877471 5.886527 5.895434 5.904194 5.9128 5.921248 5.92953 5.937644 5.945587 5.953351 5.960935 5.968332 5.975539 5.982548 5.98936 5.99596 6.00236 6.008545 6.014516 6.020266 6.025791 6.031086 6.03615 6.040978 6.045566 6.049912 6.054012 6.057862 6.06146 6.064804 6.067886 6.070713 6.073277 6.075577 6.077612 6.079379 -9999 -9999 -9999 -9999 -9999
-9999 -9999 -9999 -9999 -9999 -9999 -9999 -9999 5.731379 5.74233 5.753214 5.764012 5.774727 5.785351 5.795882 5.806311 5.81664 5.826863 5.836972 5.84697 5.856847 5.8666 5.876223 5.885715 5.895061 5.904274 5.913339 5.922255 5.931015 5.939616 5.948049 5.956313 5.964404 5.972312 5.98004 5.987578 5.994923 6.002068 6.009013 6.015743 6.022269 6.028577 6.034667 6.040533 6.046171 6.051574 6.056742 6.06167 6.066352 6.070789 6.074975 6.078906 6.08258 6.085994 6.089142 6.092029 6.094647 6.096997 6.099075 6.100881 6.102411 -9999 -9999 -9999 -9999
-9999 -9999 -9999 -9999 5.701213 5.712615 5.723953 5.735221 5.74642 5.757534 5.76858 5.779542 5.79042 5.801208 5.811904 5.822498 5.832993 5.84338 5.853654 5.863817 5.873859 5.883777 5.893563 5.903219 5.912726 5.922101 5.931327 5.940403 5.949321 5.958078 5.966666 5.975084 5.983325 5.991384 5.999259 6.006941 6.014428 6.021713 6.028793 6.035656 6.042313 6.048748 6.054962 6.060946 6.0667 6.072214 6.077489 6.082519 6.087299 6.09183 6.096103 6.100118 6.10387 6.107358 6.110573 6.113522 6.116197 6.118598 6.120721 6.122566 6.124129 6.125411 -9999 -9999 -9999
5.668813 5.680594 5.692327 5.704003 5.715627 5.72719 5.73869 5.750122 5.761485 5.772762 5.783975 5.795102 5.806148 5.817103 5.827967 5.838728 5.849391 5.859947 5.87039 5.880721 5.890931 5.901017 5.910971 5.920793 5.930467 5.940007 5.949397 5.958636 5.967716 5.976635 5.985381 5.993956 6.002353 6.010564 6.01859 6.026422 6.034055 6.041482 6.048703 6.055704 6.062493 6.069059 6.075398 6.081506 6.087378 6.093007 6.098392 6.103528 6.108409 6.113035 6.117401 6.121501 6.125334 6.128897 6.132182 6.135195 6.137929 6.140382 6.142551 6.144437 6.146034 6.147344 6.148365 -9999 -9999
5.682594 5.694534 5.706427 5.718264 5.730051 5.741778 5.753442 5.765039 5.776569 5.788014 5.799395 5.810692 5.821907 5.833033 5.844068 5.855 5.865835 5.876563 5.887177 5.897681 5.908062 5.918319 5.928444 5.938438 5.948281 5.957991 5.967549 5.976955 5.986201 5.995284 6.004193 6.01293 6.021486 6.029854 6.038035 6.046019 6.053802 6.061376 6.068741 6.075883 6.08281 6.089509 6.09598 6.102213 6.108208 6.113955 6.119453 6.124698 6.129683 6.134409 6.138868 6.143057 6.146973 6.150613 6.153971 6.15705 6.159844 6.162351 6.164569 6.166496 6.168129 6.169468 6.170511 -9999 -9999
5.696372 5.708474 5.720529 5.73253 5.744482 5.756375 5.768207 5.779972 5.791672 5.803288 5.814839 5.826308 5.837697 5.848996 5.860205 5.871313 5.882321 5.893225 5.904015 5.914693 5.925251 5.935683 5.945983 5.956151 5.966168 5.976051 5.985781 5.995358 6.004774 6.014026 6.023102 6.032004 6.040724 6.049253 6.057593 6.065734 6.073671 6.081396 6.08891 6.096195 6.103264 6.110102 6.116705 6.12307 6.12919 6.135058 6.140674 6.146031 6.151124 6.155951 6.160508 6.164789 6.16879 6.172511 6.175942 6.17909 6.181946 6.184509 6.186777 6.188746 6.190416 6.191785 6.192852 -9999 -9999
5.710146 5.722412 5.734631 5.746799 5.758917 5.770979 5.782982 5.794918 5.80679 5.818578 5.830305 5.841949 5.853513 5.86499 5.876376 5.887661 5.898849 5.909931 5.9209 5.931758 5.942495 5.953106 5.963585 5.973931 5.984126 5.994186 6.004093 6.013844 6.023436 6.032859 6.042107 6.051178 6.060065 6.068761 6.077264 6.085566 6.093661 6.101542 6.109208 6.116642 6.123857 6.130836 6.137578 6.144076 6.150326 6.15632 6.162055 6.167528 6.172732 6.177665 6.182321 6.186696 6.190786 6.19459 6.198098 6.201316 6.206501 6.206858 6.209177 6.211191 6.212898 6.214299 6.21539 6.216171 -9999
5.723913 5.736344 5.748731 5.761067 5.773356 5.785589 5.797764 5.809874 5.821921 5.833886 5.845789 5.857612 5.869355 5.881012 5.892579 5.904047 5.915416 5.926681 5.937832 5.948873 5.959793 5.970587 5.981249 5.991777 6.002154 6.012395 6.022481 6.032413 6.042182 6.051784 6.061207 6.070452 6.079512 6.088377 6.097048 6.105515 6.113772 6.121813 6.129635 6.137223 6.144587 6.151713 6.158597 6.165233 6.171617 6.177739 6.1836 6.189192 6.194509 6.199551 6.20431 6.208783 6.212965 6.216854 6.220441 6.223732 6.229 6.2294 6.231771 6.233832 6.235579 6.237011 6.238127 6.238926 6.239407
5.73767 5.750269 5.762825 5.775332 5.787794 5.800201 5.812551 5.824838 5.837064 5.849207 5.861291 5.873295 5.885221 5.897061 5.908813 5.920464 5.932019 5.94347 5.954808 5.966035 5.977142 5.988123 5.998972 6.009687 6.020249 6.030675 6.040947 6.051063 6.061015 6.070797 6.0804 6.089824 6.09906 6.1081 6.116943 6.12558 6.134005 6.14221 6.150193 6.157938 6.165457 6.172732 6.179763 6.186542 6.193063 6.199318 6.205307 6.211022 6.216457 6.221611 6.226477 6.23105 6.235327 6.239304 6.242973 6.24634 6.251693 6.252137 6.254564 6.256672 6.258459 6.259925 6.261067 6.261884 6.262376
5.751416 5.764184 5.776912 5.789592 5.802229 5.814813 5.827342 5.839808 5.852213 5.86454 5.876807 5.888995 5.901107 5.913134 5.925072 5.936913 5.948657 5.960297 5.971826 5.983244 5.994541 6.005713 6.016752 6.027658 6.038411 6.049027 6.059488 6.069792 6.079931 6.0899 6.099687 6.109294 6.118711 6.12793 6.13695 6.145761 6.154357 6.162731 6.17088 6.178788 6.186465 6.193896 6.201077 6.208002 6.214665 6.221058 6.227179 6.233021 6.238578 6.243848 6.248823 6.253501 6.257875 6.261943 6.265697 6.269141 6.274583 6.275073 6.277556 6.279714 6.281543 6.283043 6.284212 6.287519 6.285552
5.765144 5.778086 5.790988 5.803844 5.816658 5.829422 5.842131 5.854779 5.867369 5.879879 5.892334 5.90471 5.91701 5.929227 5.941357 5.95339 5.965327 5.97716 5.988883 6.000495 6.011987 6.023355 6.034589 6.04569 6.056637 6.067447 6.078102 6.088599 6.098929 6.109088 6.119066 6.12886 6.138463 6.147866 6.157068 6.166058 6.174831 6.183378 6.191698 6.199772 6.207613 6.215203 6.22254 6.229616 6.236425 6.242959 6.249217 6.25519 6.260872 6.266262 6.271351 6.276136 6.280611 6.284773 6.288614 6.292139 6.297672 6.29821 6.300752 6.30296 6.304833 6.306369 6.307565 6.310914 6.308937
5.778855 5.791971 5.80505 5.818084 5.831079 5.844024 5.856916 5.86975 5.882527 5.895225 5.907868 5.920436 5.932929 5.945339 5.957664 5.969892 5.982025 5.994056 6.005976 6.017788 6.029479 6.041045 6.052479 6.063778 6.074924 6.085934 6.096786 6.107481 6.118008 6.128363 6.138534 6.148521 6.158315 6.167907 6.177295 6.18647 6.195424 6.20415 6.212645 6.220891 6.2289 6.236654 6.244151 6.251382 6.258343 6.265023 6.271421 6.27753 6.283341 6.288854 6.294061 6.298957 6.303536 6.307796 6.311728 6.315336 6.320962 6.321551 6.324153 6.326415 6.328332 6.329905 6.33113 6.334521 6.332534
5.792545 5.805838 5.819095 5.83231 5.845487 5.858616 5.871696 5.884717 5.897683 5.910573 5.923409 5.936171 5.948859 5.961466 5.973989 5.986416 5.99875 6.010982 6.023104 6.035118 6.047012 6.058783 6.070419 6.081923 6.093273 6.104485 6.115541 6.126437 6.137166 6.147721 6.158091 6.168276 6.178265 6.188051 6.197631 6.206995 6.216136 6.225046 6.233721 6.242144 6.250327 6.25825 6.265912 6.273304 6.28042 6.287251 6.293794 6.300042 6.305987 6.311628 6.316956 6.321966 6.326653 6.331014 6.335039 6.338733 6.344457 6.345098 6.347763 6.350079 6.354512 6.353653 6.354908 6.358343 6.356347
5.80621 5.819681 5.83312 5.846518 5.85988 5.873197 5.886465 5.899677 5.912836 5.925919 5.938951 5.95191 5.964797 5.977605 5.99033 6.00296 6.015498 6.027935 6.040263 6.052484 6.064585 6.076563 6.088408 6.10012 6.111678 6.123098 6.134361 6.145465 6.1564 6.167161 6.177735 6.188122 6.198313 6.208298 6.218075 6.227633 6.236966 6.246065 6.254926 6.263531 6.271892 6.27999 6.287822 6.295379 6.302656 6.309642 6.316335 6.322727 6.328811 6.334583 6.340037 6.345166 6.349964 6.354429 6.358551 6.362334 6.368157 6.368853 6.371583 6.373956 6.378458 6.377617 6.378904 6.382383 6.380377
5.819846 5.833499 5.847122 5.860705 5.874255 5.887761 5.901221 5.914626 5.92798 5.941261 5.954493 5.967652 5.980742 5.993754 6.006683 6.01952 6.032266 6.044912 6.05745 6.069881 6.082195 6.094385 6.106442 6.118367 6.130137 6.141771 6.153247 6.164563 6.175709 6.18668 6.197464 6.208059 6.218456 6.228645 6.238625 6.248384 6.257914 6.267207 6.276259 6.285052 6.293596 6.301874 6.309881 6.317609 6.325052 6.332198 6.339046 6.345587 6.351813 6.357723 6.363305 6.368557 6.37347 6.378044 6.382266 6.386141 6.392066 6.39282 6.395617 6.398048 6.40011 6.401801 6.403119 6.406643 6.404629
5.833452 5.847288 5.861096 5.874867 5.888608 5.902306 5.91596 5.929562 5.943114 5.956595 5.970028 5.983392 5.996688 6.009907 6.023046 6.036093 6.04905 6.061909 6.074661 6.087308 6.099837 6.112244 6.124519 6.136661 6.148649 6.160501 6.172194 6.183726 6.19509 6.206277 6.217275 6.228084 6.238693 6.249092 6.25928 6.269244 6.278977 6.28847 6.297719 6.306705 6.315439 6.323902 6.33209 6.339994 6.347608 6.354919 6.361928 6.368622 6.374996 6.381046 6.386763 6.392141 6.397174 6.401859 6.406185 6.410155 6.414661 6.417 6.419867 6.422359 6.427005 6.426206 6.427557 6.431129 6.429105
5.847022 5.861044 5.87504 5.889001 5.902935 5.916827 5.930678 5.944479 5.958233 5.971918 5.985557 5.999127 6.012632 6.026062 6.039413 6.052674 6.065848 6.078924 6.091895 6.104761 6.11751 6.130138 6.142634 6.154999 6.167209 6.179284 6.1912 6.202955 6.21454 6.225948 6.237167 6.248195 6.259021 6.269636 6.280037 6.290213 6.300155 6.309854 6.319305 6.32849 6.337419 6.346073 6.354448 6.362534 6.370324 6.377806 6.38498 6.391834 6.39836 6.404555 6.410411 6.415921 6.421077 6.425878 6.430311 6.43438 6.438978 6.443869 6.444335 6.446891 6.449058 6.450835 6.45222 6.45584 6.453808
5.860553 5.874763 5.888949 5.903103 5.917232 5.931322 5.945373 5.959375 5.973334 5.987224 6.001071 6.014853 6.02857 6.042215 6.055782 6.069262 6.082654 6.095952 6.109145 6.122235 6.135209 6.148063 6.160786 6.173378 6.185815 6.198118 6.210261 6.222245 6.234057 6.245692 6.257136 6.268389 6.279439 6.290275 6.300897 6.311289 6.321446 6.331356 6.341017 6.350406 6.359536 6.368387 6.376955 6.385228 6.3932 6.400859 6.408203 6.415221 6.421905 6.428252 6.434251 6.439897 6.445181 6.450101 6.454645 6.458817 6.46351 6.466012 6.469026 6.471646 6.476444 6.475691 6.477112 6.480781 6.478741
5.874042 5.888442 5.90282 5.91717 5.931495 5.945786 5.960039 5.974247 5.988412 6.002511 6.01657 6.030565 6.044499 6.058361 6.072149 6.08585 6.099466 6.112989 6.126409 6.139727 6.152931 6.166015 6.178969 6.191794 6.204463 6.216999 6.229376 6.241593 6.253638 6.265505 6.277181 6.288664 6.299943 6.311007 6.321854 6.33247 6.342848 6.352976 6.362851 6.372452 6.38179 6.390844 6.39961 6.408076 6.416236 6.424078 6.431598 6.438787 6.445633 6.452136 6.458284 6.46407 6.469487 6.474532 6.481606 6.483469 6.48826 6.493359 6.493939 6.496628 6.501505 6.500778 6.502235 6.504512 6.506607
5.887484 5.902076 5.916649 5.931196 5.945721 5.960214 5.974672 5.989087 6.003462 6.017774 6.032048 6.04626 6.060413 6.074497 6.088509 6.102435 6.116279 6.130032 6.143682 6.157233 6.170671 6.18399 6.197181 6.210242 6.22315 6.235924 6.248539 6.260994 6.273279 6.285384 6.297297 6.309017 6.320531 6.331829 6.342908 6.353754 6.364359 6.374712 6.384808 6.394626 6.404178 6.413441 6.422411 6.431078 6.439433 6.447463 6.455165 6.46253 6.469545 6.476209 6.482511 6.488442 6.493997 6.49917 6.50638 6.508337 6.513229 6.518437 6.519079 6.521837 6.524177 6.526097 6.527593 6.529906 6.529307
5.900876 5.915662 5.930431 5.945177 5.959905 5.974602 5.989268 6.003893 6.018482 6.033009 6.047501 6.061934 6.076309 6.090618 6.104857 6.119013 6.133089 6.147075 6.160961 6.174748 6.188425 6.201984 6.215416 6.22872 6.241871 6.254888 6.267748 6.280447 6.292976 6.305326 6.317482 6.329445 6.341201 6.352738 6.364055 6.375137 6.385977 6.39656 6.406884 6.416926 6.426698 6.436178 6.44536 6.454233 6.462788 6.471013 6.478904 6.48645 6.49364 6.500471 6.506932 6.513015 6.518711 6.524017 6.531368 6.533423 6.538421 6.541191 6.544447 6.547279 6.552322 6.551651 6.553187 6.555539 6.554947
5.914212 5.929194 5.944162 5.95911 5.974042 5.988947 6.003823 6.018661 6.033465 6.04821 6.062923 6.07758 6.092182 6.106719 6.12119 6.135579 6.149891 6.164114 6.17824 6.192269 6.206189 6.219993 6.233671 6.247222 6.260621 6.273888 6.286997 6.299947 6.312726 6.325325 6.337732 6.349944 6.361948 6.373732 6.385293 6.396619 6.407699 6.418519 6.429079 6.439352 6.449351 6.461012 6.468452 6.477539 6.486301 6.494728 6.502814 6.510548 6.517919 6.524923 6.531549 6.537788 6.543632 6.549076 6.556572 6.558729 6.562928 6.567662 6.570046 6.572954 6.576531 6.580137 6.579021 6.581412 6.583603
5.927489 5.942669 5.957839 5.97299 5.988129 6.003243 6.018332 6.033386 6.048408 6.063375 6.078311 6.093195 6.108027 6.122797 6.137502 6.152128 6.166679 6.181145 6.195514 6.20979 6.223958 6.238011 6.251941 6.265745 6.279397 6.292919 6.306283 6.319489 6.332524 6.34538 6.358043 6.37051 6.382768 6.394805 6.40662 6.418194 6.429521 6.440588 6.451388 6.461899 6.472132 6.482064 6.49169 6.500995 6.509973 6.518607 6.526895 6.534823 6.542381 6.549565 6.556361 6.562763 6.568759 6.574347 6.581994 6.584256 6.588568 6.592444 6.595878 6.598864 6.602514 6.603476 6.605096 6.607528 6.606954
5.940703 5.956082 5.971454 5.986812 6.002159 6.017486 6.03279 6.048062 6.063305 6.078496 6.09366 6.108774 6.123838 6.138844 6.153788 6.168655 6.18345 6.198161 6.21278 6.227306 6.241726 6.256035 6.27022 6.284282 6.298193 6.311975 6.325602 6.339069 6.352367 6.365486 6.37841 6.391139 6.403659 6.415956 6.428029 6.43986 6.451442 6.46276 6.47381 6.484566 6.495041 6.507174 6.515068 6.524601 6.5338 6.54265 6.551146 6.559275 6.567028 6.574397 6.58137 6.58794 6.594095 6.599832 6.607633 6.610007 6.614436 6.619379 6.621944 6.625013 6.627616 6.632492 6.631417 6.633891 6.633325
5.953848 5.969429 5.985005 6.00057 6.016129 6.03167 6.047192 6.062685 6.078152 6.093569 6.108963 6.12431 6.139611 6.154856 6.170042 6.185155 6.200197 6.215159 6.23003 6.244811 6.259489 6.274057 6.288504 6.302829 6.317005 6.331053 6.344946 6.358683 6.372248 6.385636 6.39883 6.411827 6.424615 6.43718 6.449518 6.461614 6.473457 6.485035 6.496341 6.507349 6.518074 6.528488 6.538586 6.548353 6.557781 6.566854 6.575565 6.583904 6.591856 6.599418 6.606575 6.613319 6.619639 6.625531 6.633491 6.635982 6.640532 6.644624 6.650911 6.651401 6.655205 6.656272 6.657984 6.659209 6.659945
5.966919 5.982703 5.998487 6.014261 6.030033 6.045791 6.061532 6.077248 6.092942 6.108589 6.124217 6.1398 6.15534 6.170828 6.186259 6.201621 6.216915 6.232131 6.247259 6.262301 6.277241 6.292073 6.306787 6.32138 6.335826 6.350146 6.364312 6.378323 6.392163 6.405827 6.419296 6.43257 6.445632 6.458471 6.471083 6.48345 6.495563 6.507407 6.518977 6.530247 6.541228 6.553859 6.562241 6.572251 6.581915 6.591218 6.600153 6.608707 6.619144 6.624629 6.631977 6.638902 6.645392 6.651444 6.659569 6.662183 6.666859 6.672027 6.67479 6.678032 6.680783 6.685828 6.684801 6.68606 6.686818
