hazard/mentawai_9.0_shakemap.asc
ncols         388
nrows         251
xllcorner     97.796052334
yllcorner     -3.545616666
cellsize      0.016233332
NODATA_value  -9999
[rows 210 to 239 of 251, columns 272 to 339 of 388]
6.602931 6.579133 6.709643 6.614849 6.584656 6.664394 6.59443 6.685925 6.576226 6.662019 6.637968 6.628014 6.720344 6.809606 6.778856 6.630447 6.650453 6.702623 6.698324 6.76767 6.760587 6.745795 6.686692 6.701066 6.816149 6.838634 6.774975 6.894836 6.977803 6.985124 6.975843 6.966634 6.957466 6.948333 6.939299 6.928238 6.86682 6.83289 6.902853 6.898654 6.889627 6.880697 6.871796 6.862925 6.854077 6.845259 6.836466 6.827701 6.818962 6.810249 6.801563 6.792902 6.784267 6.775654 6.767076 6.760649 6.754241 6.745725 6.737228 6.728757 6.720311 6.711888 6.703493 6.695118 6.686771 6.678445 6.670146 6.661867
6.599401 6.592357 6.694091 6.754372 6.723932 6.616132 6.611036 6.726377 6.602088 6.512828 6.584464 6.718955 6.756736 6.750315 6.739758 6.720949 6.671974 6.641802 6.651453 6.692717 6.695099 6.697253 6.809716 6.705227 6.888329 6.850794 6.889612 6.988382 7.001015 6.9916 6.982311 6.973093 6.963904 6.954771 6.945071 6.893492 6.698606 6.692939 6.848258 6.904453 6.895967 6.88697 6.878049 6.869159 6.860292 6.851456 6.842644 6.83386 6.825103 6.816372 6.807667 6.798988 6.790335 6.781705 6.773109 6.766669 6.760249 6.751713 6.743199 6.734711 6.726248 6.717807 6.709395 6.701003 6.692639 6.684297 6.675981 6.667686
6.727104 6.689165 6.58431 6.594969 6.685454 6.562469 6.661419 6.760544 6.561207 6.612998 6.668307 6.763309 6.76248 6.752769 6.735076 6.658512 6.495066 6.661804 6.798678 6.707229 6.822134 6.693129 6.681031 6.679034 6.791767 6.70876 6.730998 6.867267 6.995862 6.996482 6.987211 6.977978 6.968747 6.959579 6.950524 6.936191 6.849156 6.754304 6.782865 6.889214 6.900658 6.891698 6.882751 6.873847 6.864966 6.856115 6.84729 6.838492 6.82972 6.820976 6.812257 6.803565 6.794898 6.786254 6.777644 6.771194 6.764765 6.756216 6.747689 6.739188 6.730712 6.722258 6.713833 6.705429 6.697052 6.688696 6.680368 6.67206
6.660344 6.65518 6.61114 6.714991 6.810337 6.695183 6.678185 6.655839 6.530458 6.573922 6.737971 6.704348 6.746399 6.752097 6.679526 6.607731 6.586737 6.699892 6.85635 6.711376 6.658267 6.555809 6.498958 6.548198 6.642603 6.685631 6.802351 6.854329 6.99007 7.001388 6.984245 6.982876 6.973654 6.964415 6.955262 6.946303 6.930042 6.864645 6.904049 6.836004 6.903457 6.896454 6.887463 6.878544 6.869649 6.860783 6.851944 6.843132 6.834347 6.825588 6.816856 6.808149 6.799469 6.790812 6.782189 6.775729 6.769289 6.760727 6.752187 6.743673 6.735184 6.726717 6.718279 6.709862 6.701473 6.693104 6.684763 6.676443
6.619541 6.68048 6.746143 6.78794 6.917074 6.770153 6.654787 6.602629 6.639581 6.648834 6.642888 6.525614 6.605789 6.691359 6.687318 6.729959 6.724118 6.730557 6.734794 6.593342 6.469677 6.472262 6.404167 6.396786 6.495746 6.668333 6.871302 6.991269 6.944232 6.937659 6.865377 6.951495 6.980128 6.970938 6.961704 6.952566 6.945851 6.928401 6.856566 6.767751 6.895464 6.902722 6.893758 6.884811 6.875897 6.867013 6.858155 6.849324 6.840521 6.831743 6.822993 6.814268 6.80557 6.796895 6.788254 6.781781 6.775327 6.766747 6.758189 6.749657 6.741151 6.732667 6.724212 6.715777 6.707371 6.698986 6.690629 6.682292
6.77498 6.807384 6.809909 6.865855 6.867165 6.77752 6.764226 6.629068 6.71842 6.681538 6.652875 6.65907 6.572996 6.730825 6.765728 6.830315 6.750352 6.703916 6.677057 6.574497 6.490691 6.598965 6.56037 6.457747 6.484095 6.63095 6.855136 6.82776 6.77711 6.766423 6.686981 6.82178 6.972541 6.975358 6.968208 6.959002 6.952152 6.945388 6.932093 6.905903 6.918047 6.909073 6.900053 6.891097 6.882163 6.87326 6.864383 6.855534 6.846712 6.837916 6.829146 6.820404 6.811687 6.802993 6.794334 6.787848 6.78138 6.772783 6.764208 6.755659 6.747134 6.738633 6.73016 6.721709 6.713286 6.704883 6.696509 6.688155
6.904995 6.887184 6.807255 6.86955 6.859639 6.74123 6.832901 6.797036 6.821774 6.783476 6.621201 6.650442 6.737916 6.774469 6.768843 6.761117 6.657686 6.528545 6.532033 6.56258 6.516939 6.557145 6.481472 6.473793 6.566134 6.533532 6.736684 6.693295 6.721941 6.890458 6.736684 6.752191 6.944506 6.903809 6.946332 6.951328 6.95853 6.951751 6.942625 6.933442 6.924445 6.915379 6.906371 6.897395 6.888443 6.87952 6.870624 6.861756 6.852915 6.8441 6.835313 6.826551 6.817816 6.809104 6.800427 6.793927 6.787446 6.778831 6.770238 6.761671 6.753129 6.74461 6.736121 6.727652 6.719212 6.710792 6.702401 6.69403
6.777596 6.768329 6.646217 6.767806 6.855011 6.860499 6.857901 6.905654 6.781228 6.852127 6.674232 6.593393 6.700818 6.664358 6.689985 6.683442 6.529157 6.525839 6.522589 6.486794 6.620001 6.558033 6.422609 6.528148 6.614791 6.604208 6.714786 6.613769 6.69095 6.792775 6.851145 6.685845 6.892591 6.895712 6.818364 6.820013 6.922725 6.958059 6.94903 6.939877 6.930781 6.92173 6.912703 6.903707 6.894735 6.885794 6.876879 6.867991 6.859131 6.850298 6.841492 6.832712 6.823958 6.815228 6.806533 6.800019 6.793525 6.784892 6.776281 6.767696 6.759137 6.7506 6.742094 6.733607 6.725149 6.716713 6.708305 6.699917
6.637034 6.676302 6.823592 6.701314 6.730609 6.770084 6.816653 6.851385 6.768285 6.720213 6.651344 6.589108 6.614595 6.528892 6.580855 6.6896 6.607164 6.615198 6.65986 6.624543 6.550895 6.442423 6.514892 6.605433 6.684172 6.606554 6.616968 6.648589 6.726577 6.654788 6.692006 6.737062 6.942535 6.919023 6.882845 6.819899 6.831377 6.941675 6.955419 6.946285 6.937165 6.928094 6.919047 6.910033 6.901042 6.89208 6.883146 6.87424 6.865361 6.856509 6.847684 6.838885 6.830114 6.821366 6.812652 6.806124 6.799616 6.790966 6.782337 6.773734 6.765157 6.756603 6.748078 6.739575 6.7311 6.722646 6.714221 6.705816
6.637442 6.642035 6.763355 6.786021 6.645748 6.601172 6.639991 6.766884 6.71636 6.626318 6.563073 6.531836 6.518588 6.505106 6.510011 6.615048 6.499257 6.623919 6.611097 6.600229 6.652107 6.579314 6.668808 6.515887 6.455411 6.512528 6.595794 6.532386 6.566287 6.615732 6.559951 6.655288 6.870224 6.991878 6.992988 6.974479 6.954468 6.892046 6.959965 6.952735 6.943566 6.934474 6.925406 6.916373 6.907362 6.898382 6.889428 6.880503 6.871605 6.862734 6.85389 6.845073 6.836283 6.827516 6.818784 6.812243 6.805721 6.797052 6.788405 6.779785 6.77119 6.762618 6.754076 6.745555 6.737063 6.728592 6.720149 6.711727
6.709291 6.702922 6.699933 6.760033 6.726647 6.654419 6.628949 6.710207 6.588119 6.634851 6.733504 6.687261 6.653848 6.631427 6.562975 6.500164 6.571365 6.500285 6.597919 6.596187 6.614568 6.519193 6.517464 6.449309 6.593264 6.669358 6.566262 6.645707 6.580788 6.477151 6.440713 6.497779 6.724823 6.941522 6.964837 6.957096 6.845401 6.829938 6.954588 6.959129 6.949985 6.940866 6.93178 6.922726 6.913696 6.904696 6.895723 6.886779 6.877862 6.868972 6.860109 6.851274 6.842465 6.833679 6.824929 6.818374 6.811839 6.803152 6.794487 6.785848 6.777236 6.768646 6.760086 6.751548 6.743038 6.73455 6.726089 6.71765
6.714736 6.707951 6.659517 6.794914 6.769722 6.744064 6.798944 6.73796 6.7149 6.73962 6.830132 6.816872 6.760853 6.725608 6.636088 6.59878 6.707396 6.538719 6.544031 6.47458 6.462109 6.46938 6.569589 6.565335 6.564331 6.537045 6.475027 6.474352 6.410229 6.386907 6.4347 6.419122 6.658403 6.815079 6.764624 6.850003 6.953982 6.96479 6.974807 6.965596 6.956405 6.947274 6.938168 6.929098 6.920055 6.911025 6.902033 6.893069 6.884133 6.875224 6.866342 6.857487 6.84866 6.839856 6.831087 6.824518 6.81797 6.809265 6.800581 6.791924 6.783294 6.774687 6.766109 6.757553 6.749026 6.74052 6.732042 6.723586
6.856869 6.744498 6.754249 6.69308 6.845088 6.891901 6.885874 6.807653 6.856761 6.857277 6.850562 6.850008 6.820045 6.731793 6.560325 6.655829 6.763947 6.624894 6.570954 6.524811 6.531234 6.600091 6.624624 6.465213 6.554738 6.432385 6.529168 6.550674 6.58402 6.562889 6.495073 6.440846 6.665549 6.676275 6.677739 6.826431 6.981048 6.99062 6.981283 6.97203 6.962848 6.953718 6.94462 6.935525 6.926421 6.917408 6.908356 6.899373 6.890417 6.881489 6.872589 6.863715 6.854868 6.846045 6.837258 6.830676 6.824113 6.81539 6.806688 6.798014 6.789365 6.78074 6.772144 6.763571 6.755026 6.746503 6.738008 6.729535
7.096669 6.932374 6.760019 6.640068 6.733962 6.772748 6.808636 6.752766 6.753273 6.855849 6.854609 6.926545 6.847982 6.808205 6.684457 6.541344 6.615857 6.598792 6.695203 6.712158 6.628378 6.733612 6.677238 6.511693 6.523311 6.548221 6.60898 6.595686 6.456739 6.520858 6.407021 6.531204 6.673916 6.673001 6.7446 6.870773 6.995348 6.997029 6.987741 6.978513 6.969378 6.960235 6.950984 6.934576 6.913728 6.923737 6.914742 6.905691 6.896715 6.887768 6.878849 6.869956 6.861091 6.852249 6.843443 6.836846 6.83027 6.821528 6.812809 6.804116 6.795449 6.786806 6.778193 6.769601 6.761039 6.752498 6.743986 6.735495
7.24444 7.162569 6.945863 6.730488 6.639027 6.635967 6.721822 6.856509 6.689383 6.79414 6.738754 6.843639 6.844503 6.833508 6.745609 6.618793 6.543977 6.707804 6.776047 6.665661 6.621953 6.645301 6.725267 6.665401 6.664314 6.517749 6.444172 6.426275 6.444957 6.539727 6.564181 6.647788 6.752908 6.748842 6.863898 6.980764 7.010602 7.003555 6.994256 6.985127 6.973135 6.930279 6.886225 6.81124 6.760286 6.898752 6.921074 6.912043 6.903027 6.89406 6.885122 6.87621 6.867326 6.858465 6.849641 6.84303 6.83644 6.82768 6.818942 6.81023 6.801546 6.792885 6.784254 6.775644 6.767064 6.758506 6.749976 6.741467
7.186511 7.290835 7.171419 6.942042 6.737243 6.633952 6.629485 6.734519 6.740112 6.819204 6.859759 6.801293 6.822781 6.832136 6.769017 6.61853 6.521708 6.659275 6.662107 6.640553 6.61715 6.551571 6.579364 6.65579 6.699154 6.537989 6.589724 6.629426 6.664515 6.680094 6.670809 6.6712 6.741484 6.894391 7.000343 7.024176 7.01712 7.010076 7.000901 6.986869 6.888198 6.730133 6.663785 6.626157 6.659077 6.848614 6.925432 6.918403 6.909355 6.900367 6.891409 6.882478 6.873575 6.864696 6.855853 6.849228 6.842623 6.833845 6.825089 6.816359 6.807656 6.798976 6.790328 6.7817 6.773102 6.764526 6.755979 6.747453
7.01873 7.181388 7.281533 7.154417 6.937633 6.748577 6.634422 6.62407 6.692954 6.829615 6.733815 6.657233 6.664715 6.739255 6.818066 6.657569 6.535575 6.706988 6.656592 6.690911 6.576735 6.619261 6.545572 6.544909 6.601319 6.585031 6.639193 6.738487 6.839189 6.77718 6.698727 6.6859 6.827242 6.994701 7.04026 7.030808 7.023648 7.016663 7.00724 6.949481 6.719965 6.491293 6.448112 6.621332 6.767495 6.914317 6.933834 6.924746 6.915693 6.906688 6.89771 6.88876 6.879838 6.870939 6.862078 6.855438 6.84882 6.840023 6.831248 6.8225 6.813779 6.805081 6.796414 6.787769 6.779153 6.770559 6.761994 6.753451
6.845349 6.940053 7.125093 7.185251 7.059261 6.894799 6.73545 6.626847 6.614051 6.677591 6.64847 6.583501 6.671625 6.817426 6.788478 6.640705 6.535195 6.665971 6.551969 6.58051 6.569191 6.563094 6.54776 6.542745 6.661922 6.610145 6.607527 6.796183 6.926658 6.804234 6.757125 6.700691 6.861044 6.987917 7.029455 7.037365 7.030307 7.023269 7.01369 6.945021 6.692647 6.489606 6.546642 6.71235 6.890615 6.94892 6.940252 6.9311 6.922046 6.913022 6.904025 6.895055 6.886114 6.877196 6.868316 6.861662 6.85503 6.846214 6.83742 6.828654 6.819914 6.811199 6.802514 6.79385 6.785216 6.776605 6.768023 6.759461
6.796562 6.742721 6.870895 6.929204 6.959638 6.942617 6.864705 6.712094 6.625137 6.607181 6.601162 6.615577 6.748152 6.860772 6.835308 6.681826 6.54723 6.689461 6.702669 6.660024 6.670649 6.657809 6.51468 6.480088 6.603136 6.717055 6.733648 6.792494 6.747344 6.670536 6.644753 6.683286 6.776971 6.871059 6.920532 7.002328 7.032611 7.023852 7.020823 6.993688 6.836467 6.700825 6.688087 6.820517 6.949555 6.955763 6.946598 6.937487 6.928414 6.91937 6.910354 6.901365 6.892404 6.883467 6.874568 6.8679 6.861253 6.852419 6.843606 6.834822 6.826064 6.817329 6.808626 6.799945 6.791293 6.782663 6.774063 6.765484
6.883475 6.713468 6.863975 6.778852 6.892917 6.951413 6.938363 6.87896 6.736384 6.646003 6.713689 6.725192 6.764153 6.86796 6.818301 6.619246 6.578768 6.7755 6.692083 6.701463 6.773499 6.618553 6.5566 6.530925 6.673085 6.752289 6.721356 6.657555 6.564254 6.559347 6.559885 6.629655 6.686693 6.701033 6.726057 6.828098 6.913386 6.906047 6.998935 7.018614 6.949085 6.882842 6.860092 6.948098 6.971467 6.962199 6.95301 6.94389 6.934797 6.925733 6.916698 6.907689 6.898709 6.889753 6.880833 6.874152 6.867491 6.858638 6.849807 6.841003 6.832227 6.823475 6.814753 6.806053 6.797383 6.788735 6.780118 6.771521
6.860003 6.730615 6.788099 6.91113 6.966555 6.959481 6.951133 7.003932 6.890964 6.777403 6.816389 6.778427 6.809702 6.859573 6.80308 6.660239 6.632341 6.721658 6.762434 6.806933 6.721518 6.543247 6.578111 6.623314 6.569486 6.660629 6.573896 6.558043 6.65703 6.518143 6.516891 6.667953 6.698985 6.764469 6.69701 6.675919 6.701325 6.734656 6.87641 6.988044 6.772026 6.901058 6.974079 6.987159 6.97787 6.968613 6.959443 6.950302 6.941189 6.932106 6.92305 6.914022 6.905024 6.896048 6.88711 6.880414 6.873739 6.864866 6.856017 6.847195 6.838399 6.829629 6.820889 6.812171 6.803483 6.794817 6.78618 6.777566
6.868866 6.820415 6.728639 6.899768 6.972739 6.965048 6.954478 6.937341 6.934236 6.915257 6.900176 6.883034 6.803656 6.752258 6.838214 6.837955 6.831588 6.841951 6.836 6.79968 6.64879 6.517371 6.634982 6.514733 6.612871 6.591289 6.484828 6.453702 6.460617 6.44958 6.536508 6.682728 6.703036 6.719748 6.824683 6.790865 6.672652 6.68583 6.823313 7.008624 6.970176 7.002294 7.001374 6.991971 6.98268 6.973466 6.964281 6.955125 6.945998 6.936899 6.927829 6.918786 6.909772 6.900783 6.89183 6.885123 6.878438 6.869551 6.860687 6.851851 6.843041 6.834257 6.825502 6.816772 6.808069 6.79939 6.790741 6.782113
6.904921 6.759657 6.721498 6.788822 6.901005 6.961747 6.948263 6.823889 6.929163 6.876358 6.743207 6.805478 6.944177 6.785068 6.689469 6.625767 6.625692 6.705243 6.76779 6.698021 6.560997 6.518972 6.602746 6.633627 6.727757 6.531484 6.579928 6.572574 6.611323 6.593671 6.545004 6.662832 6.769962 6.778368 6.770233 6.698309 6.659296 6.737707 6.916778 7.0238 7.025199 7.015587 7.006127 6.996818 6.987557 6.978328 6.969128 6.959957 6.950815 6.941701 6.932616 6.923559 6.91453 6.905525 6.896558 6.88984 6.883144 6.874243 6.865365 6.856514 6.847692 6.838893 6.830125 6.82138 6.812664 6.803971 6.795308 6.786667
6.778518 6.730087 6.837857 6.734929 6.741906 6.862224 6.961762 6.938308 6.886679 6.797572 6.842164 6.796627 6.835743 6.70614 6.663001 6.716244 6.704676 6.643081 6.729805 6.595097 6.599974 6.595027 6.71295 6.652579 6.669962 6.520852 6.692015 6.735652 6.743706 6.737239 6.748126 6.720861 6.713116 6.704517 6.692275 6.617078 6.544192 6.656631 6.802129 6.91576 7.016875 7.022028 7.012667 7.003348 6.994067 6.984818 6.975597 6.966405 6.957243 6.948109 6.939004 6.929927 6.920879 6.911855 6.902869 6.896137 6.889426 6.880506 6.871609 6.86274 6.853898 6.84508 6.836294 6.82753 6.818796 6.810085 6.801404 6.792745
6.784232 6.73105 6.761485 6.869767 6.858329 6.778996 6.902623 6.942822 6.943081 6.843947 6.754886 6.924846 6.901105 6.784745 6.69403 6.615416 6.626428 6.686586 6.653663 6.716208 6.709929 6.592331 6.666599 6.601206 6.600236 6.623522 6.752618 6.767149 6.757111 6.747258 6.73763 6.727791 6.718093 6.708486 6.698729 6.663233 6.556098 6.627861 6.74792 6.759684 6.93685 7.025894 7.019268 7.009899 7.000595 6.991325 6.982084 6.972873 6.96369 6.954536 6.945411 6.936315 6.927247 6.918203 6.909197 6.902451 6.895724 6.886786 6.87787 6.868981 6.860121 6.851285 6.84248 6.833697 6.824945 6.816216 6.807516 6.798839
6.82019 6.750461 6.84405 6.984431 6.927765 6.869378 6.778713 6.784606 6.883085 6.881802 6.855766 6.861882 6.886434 6.964515 6.878769 6.794465 6.827666 6.8463 6.798213 6.840762 6.834013 6.752907 6.751187 6.742916 6.779282 6.777237 6.723496 6.770617 6.763886 6.754079 6.744287 6.734592 6.724915 6.715257 6.705614 6.699256 6.678521 6.749523 6.860648 6.780462 6.938332 7.032241 7.025853 7.016462 7.007137 6.997847 6.988585 6.979353 6.97015 6.960976 6.951831 6.942715 6.933627 6.924563 6.915538 6.908777 6.902037 6.893079 6.884143 6.875236 6.866356 6.857502 6.848678 6.839877 6.831106 6.822358 6.813641 6.804945
6.822464 6.818449 6.822444 6.95748 7.067281 7.026649 6.886542 6.774582 6.868333 6.953781 6.921028 6.769958 6.693109 6.858604 6.897159 6.780226 6.770035 6.879408 6.868423 6.860514 6.850558 6.837411 6.829234 6.806293 6.696089 6.642727 6.605156 6.700212 6.750629 6.760917 6.751176 6.74142 6.731711 6.722005 6.721418 6.773133 6.76894 6.822333 6.933085 6.959249 7.007283 7.041769 7.032457 7.023038 7.013694 7.004383 6.9951 6.985848 6.976625 6.967431 6.958266 6.949129 6.940022 6.930938 6.921894 6.915117 6.908363 6.899386 6.890431 6.881505 6.872606 6.863732 6.85489 6.84607 6.837281 6.828515 6.819778 6.811065
6.875386 6.777743 6.752972 6.865515 7.038116 7.150343 6.994618 6.869581 6.791392 6.914071 6.950269 6.871727 6.814012 6.908488 6.920113 6.891144 6.8896 6.965907 6.884523 6.867397 6.863196 6.847352 6.837632 6.789714 6.616156 6.537597 6.573847 6.534463 6.624193 6.756036 6.758037 6.748269 6.738506 6.730637 6.791834 6.815831 6.943325 6.964621 7.01821 7.013622 7.004606 7.034132 7.039034 7.029641 7.020266 7.010933 7.001631 6.992358 6.983114 6.9739 6.964715 6.955558 6.94643 6.937328 6.928263 6.921472 6.914703 6.905706 6.896732 6.887786 6.878869 6.869976 6.861115 6.852276 6.843469 6.834683 6.825929 6.817196
6.991884 6.904077 6.814365 6.769756 6.917627 7.004527 6.91072 6.806158 6.698608 6.768178 6.866019 6.942866 6.935905 6.93467 6.99788 6.972321 6.905743 6.896943 6.884699 6.877295 6.942732 6.861566 6.841723 6.753351 6.612099 6.70037 6.580051 6.524022 6.645967 6.761949 6.764944 6.755132 6.745369 6.735601 6.732807 6.813256 6.935798 7.031643 7.028982 7.020636 7.010948 7.002837 7.044401 7.036314 7.026854 7.017499 7.008176 6.998882 6.989618 6.980383 6.971178 6.962001 6.952853 6.94373 6.934646 6.92784 6.921056 6.91204 6.903047 6.894082 6.885145 6.876233 6.867353 6.858496 6.849669 6.840866 6.832093 6.823342
7.070652 7.019207 6.892571 6.816938 6.81838 6.858681 6.756076 6.70945 6.710294 6.694551 6.717924 6.839637 6.928485 6.939029 6.977089 7.125027 6.96102 6.917241 6.891749 6.881696 6.874958 6.861504 6.846591 6.738388 6.608106 6.593406 6.522545 6.624043 6.599325 6.707695 6.770676 6.762038 6.752224 6.74244 6.740972 6.863581 7.009195 7.030416 6.963232 7.025811 7.01779 7.008208 7.013247 7.042713 7.033504 7.024081 7.014736 7.005422 6.996137 6.986882 6.977655 6.968459 6.959291 6.950148 6.941044 6.934223 6.927424 6.918389 6.909376 6.900392 6.891436 6.882504 6.873605 6.864729 6.855884 6.847062 6.83827 6.829501
