hazard/mentawai_9.0_shakemap.asc
ncols         388
nrows         251
xllcorner     97.796052334
yllcorner     -3.545616666
cellsize      0.016233332
NODATA_value  -9999
[rows 180 to 209 of 251, columns 0 to 67 of 388]
7.00878 7.015941 7.025496 7.035084 7.044706 7.054357 7.064044 7.073759 7.083511 7.093295 7.103111 7.112961 7.122845 7.132762 7.142714 7.152699 7.16272 7.17278 7.182862 7.190458 7.198072 7.208245 7.218462 7.228713 7.239 7.249326 7.259685 7.270085 7.280518 7.290993 7.301501 7.312052 7.322639 7.333265 7.343929 7.354633 7.365379 7.376154 7.384269 7.392415 7.40329 7.414217 7.425182 7.436188 7.447236 7.458325 7.469457 7.48063 7.49185 7.503107 7.514412 7.525755 7.537148 7.54858 7.560061 7.571584 7.583155 7.59476 7.603504 7.612276 7.623998 7.635772 7.647595 7.659462 7.671377 7.683339 7.695349 7.707407
7.002182 7.009233 7.018813 7.028379 7.037979 7.047607 7.057272 7.066964 7.076693 7.086453 7.096247 7.106073 7.115932 7.125826 7.135754 7.145716 7.155711 7.165747 7.175805 7.183382 7.190978 7.201126 7.211317 7.221543 7.231804 7.242105 7.252437 7.262811 7.273218 7.283667 7.294147 7.304672 7.315232 7.32583 7.336468 7.347144 7.357862 7.368609 7.376704 7.384828 7.395675 7.406573 7.41751 7.428486 7.439505 7.450565 7.461667 7.472811 7.484 7.495227 7.506501 7.517815 7.529177 7.540577 7.552027 7.563519 7.575058 7.586631 7.595352 7.604099 7.615788 7.62753 7.639321 7.651155 7.663037 7.674965 7.686942 7.698965
7.02195 7.003048 7.012076 7.021689 7.031268 7.040874 7.050515 7.060184 7.069891 7.079628 7.089397 7.099201 7.109037 7.118907 7.12881 7.138749 7.14872 7.158731 7.168764 7.176323 7.1839 7.194023 7.204189 7.21439 7.224626 7.234901 7.245207 7.255555 7.265936 7.276358 7.286813 7.297311 7.307844 7.318416 7.329025 7.339674 7.350365 7.361084 7.369158 7.37726 7.38808 7.39895 7.409856 7.420805 7.431794 7.442825 7.453898 7.465012 7.476171 7.487369 7.498612 7.509895 7.521226 7.532596 7.544015 7.555475 7.566983 7.578525 7.587221 7.595945 7.607601 7.619311 7.631069 7.64287 7.654719 7.666615 7.678557 7.690548
7.042401 7.035319 7.00565 7.014974 7.024572 7.034156 7.043775 7.053421 7.063105 7.072819 7.082565 7.092345 7.102158 7.112004 7.121884 7.131798 7.141746 7.151732 7.161741 7.169282 7.17684 7.186938 7.19708 7.207255 7.217465 7.227715 7.237996 7.248318 7.258673 7.269069 7.279498 7.289968 7.300475 7.31102 7.321602 7.332224 7.342886 7.353579 7.361631 7.369713 7.380504 7.391346 7.402225 7.413144 7.424104 7.435106 7.446149 7.457234 7.468364 7.47953 7.490745 7.501997 7.513298 7.524636 7.536025 7.547454 7.558931 7.57044 7.579113 7.587812 7.599438 7.611115 7.62284 7.634609 7.646425 7.658287 7.670197 7.682154
7.035913 7.042773 7.013212 7.008345 7.017881 7.027453 7.037049 7.046674 7.056335 7.066026 7.07575 7.085505 7.095295 7.105118 7.114974 7.124865 7.134789 7.144751 7.154735 7.162258 7.169797 7.179871 7.189987 7.200138 7.210323 7.220547 7.230803 7.241099 7.251428 7.261798 7.2722 7.282645 7.293124 7.303643 7.314198 7.324793 7.335428 7.346092 7.354124 7.362185 7.372948 7.383761 7.394612 7.405503 7.416435 7.427407 7.438422 7.449477 7.460577 7.471714 7.482899 7.494121 7.505391 7.516699 7.528056 7.539454 7.5509 7.562378 7.571028 7.579703 7.591296 7.602941 7.614635 7.62637 7.638154 7.649983 7.661859 7.673783
7.029276 7.03641 7.044528 7.00297 7.01115 7.020764 7.030341 7.039942 7.049581 7.059249 7.06895 7.078682 7.088449 7.098248 7.108081 7.117948 7.127847 7.137785 7.147746 7.155251 7.162772 7.172821 7.182912 7.193038 7.203198 7.213397 7.223627 7.233898 7.244201 7.254544 7.264921 7.27534 7.285792 7.296284 7.306813 7.31738 7.327988 7.338626 7.346637 7.354677 7.365412 7.376197 7.387019 7.397882 7.408785 7.419728 7.430714 7.44174 7.452811 7.463918 7.475072 7.486265 7.497505 7.508782 7.520109 7.531476 7.542891 7.554338 7.562963 7.571615 7.583177 7.59479 7.606451 7.618155 7.629905 7.641702 7.653545 7.665436
7.022708 7.029772 7.039199 7.03428 7.004729 7.014044 7.023647 7.033227 7.042842 7.052488 7.062166 7.071876 7.081619 7.091396 7.101204 7.111048 7.120924 7.130838 7.140774 7.14826 7.155764 7.165788 7.175855 7.185956 7.196091 7.206265 7.21647 7.226715 7.236992 7.24731 7.25766 7.268053 7.278479 7.288944 7.299446 7.309987 7.320568 7.331178 7.339169 7.347188 7.357895 7.368652 7.379447 7.390281 7.401155 7.41207 7.423027 7.434024 7.445065 7.456143 7.467268 7.47843 7.48964 7.500887 7.512184 7.52352 7.534904 7.546319 7.554922 7.56355 7.57508 7.58666 7.598289 7.609962 7.62168 7.633444 7.645254 7.657112
7.016157 7.023194 7.032637 7.041875 7.012257 7.007442 7.016942 7.026527 7.03612 7.045743 7.055398 7.065086 7.074806 7.084558 7.094344 7.104164 7.114017 7.123907 7.133819 7.141287 7.148772 7.158772 7.168815 7.178891 7.189002 7.19915 7.20933 7.219549 7.229801 7.240094 7.250418 7.260784 7.271185 7.281623 7.292099 7.302612 7.313166 7.32375 7.331719 7.339718 7.350399 7.361128 7.371893 7.382699 7.393546 7.404432 7.41536 7.426328 7.43734 7.448389 7.459484 7.470617 7.481796 7.493014 7.50428 7.515585 7.526938 7.538323 7.546902 7.555506 7.567005 7.578554 7.590151 7.601791 7.613477 7.625208 7.636986 7.64881
7.00962 7.01664 7.026021 7.035507 7.044225 7.014732 7.010298 7.019832 7.029413 7.039014 7.048646 7.058311 7.068008 7.077738 7.087501 7.097297 7.107125 7.116992 7.126881 7.134331 7.141798 7.151774 7.161792 7.171844 7.181929 7.192053 7.202207 7.212401 7.222628 7.232895 7.243193 7.253534 7.263908 7.274321 7.284769 7.295257 7.305783 7.31634 7.324289 7.332268 7.34292 7.353621 7.36436 7.375138 7.385956 7.396814 7.407713 7.418652 7.429636 7.440655 7.451721 7.462824 7.473974 7.485161 7.496397 7.507672 7.518994 7.530348 7.538904 7.547485 7.558952 7.57047 7.582035 7.593643 7.605297 7.616996 7.628741 7.640532
7.003098 7.010102 7.01946 7.028861 7.038285 7.033835 7.003952 7.013108 7.022721 7.0323 7.041911 7.051552 7.061227 7.070934 7.080673 7.090446 7.100251 7.110095 7.119959 7.127391 7.13484 7.144793 7.154786 7.164813 7.174874 7.184973 7.195102 7.205272 7.215473 7.225715 7.235988 7.246302 7.25665 7.267036 7.277459 7.28792 7.29842 7.308949 7.316878 7.324836 7.335462 7.346136 7.356846 7.367596 7.378386 7.389216 7.400086 7.410997 7.421951 7.432941 7.443978 7.455051 7.466172 7.477329 7.488535 7.49978 7.511072 7.522395 7.530928 7.539486 7.550921 7.562407 7.573941 7.585517 7.597139 7.608806 7.620519 7.632277
6.99659 7.003577 7.012914 7.022284 7.03172 7.041093 7.023801 7.006543 7.016012 7.025601 7.03519 7.044809 7.054461 7.064145 7.073861 7.083611 7.093393 7.103212 7.113053 7.120468 7.127899 7.137827 7.147796 7.157798 7.167835 7.177909 7.188014 7.198158 7.208334 7.21855 7.228797 7.239086 7.249409 7.259769 7.270165 7.2806 7.291073 7.301576 7.309485 7.317423 7.328021 7.338667 7.34935 7.360073 7.370834 7.381636 7.392478 7.40336 7.414286 7.425247 7.436255 7.447299 7.458389 7.469517 7.480692 7.491908 7.503169 7.514462 7.522972 7.531507 7.542911 7.554366 7.565868 7.577412 7.589002 7.600636 7.612317 7.624043
6.990101 6.997071 7.006388 7.015735 7.025116 7.034583 7.043675 7.013482 7.009387 7.018915 7.028489 7.038085 7.047714 7.057376 7.067069 7.076797 7.086555 7.096351 7.106169 7.113564 7.120977 7.130883 7.140828 7.150806 7.160819 7.170868 7.180948 7.191068 7.201219 7.21141 7.221632 7.231895 7.242192 7.252526 7.262896 7.273304 7.283751 7.294228 7.302116 7.310032 7.320605 7.331224 7.341879 7.352575 7.363309 7.374083 7.384896 7.39575 7.406647 7.41758 7.428558 7.439573 7.450634 7.461733 7.472878 7.484064 7.495295 7.506557 7.515042 7.523554 7.53493 7.546353 7.557824 7.569337 7.580895 7.592498 7.604146 7.615841
6.985238 6.992197 7.001498 7.010829 7.020194 7.0296 7.038995 7.021894 7.004423 7.013888 7.023468 7.033048 7.04266 7.052304 7.06198 7.07169 7.081431 7.09121 7.101011 7.108394 7.115792 7.12568 7.135607 7.145567 7.155561 7.165592 7.175654 7.185755 7.195887 7.206059 7.216262 7.226506 7.236784 7.247098 7.257449 7.267838 7.278265 7.288722 7.296595 7.304497 7.315048 7.325647 7.336282 7.346956 7.35767 7.368423 7.379215 7.390047 7.400923 7.411834 7.422791 7.433784 7.444823 7.455899 7.467023 7.478186 7.489394 7.500635 7.509103 7.517597 7.528949 7.540349 7.551797 7.563286 7.57482 7.586399 7.598023 7.609694
6.980384 6.987333 6.996616 7.005932 7.015281 7.024656 7.034117 7.043179 7.013325 7.008917 7.018447 7.028019 7.037615 7.047243 7.056901 7.066593 7.076317 7.086079 7.095862 7.103232 7.110618 7.120487 7.130396 7.140338 7.150314 7.160327 7.17037 7.180452 7.190566 7.200719 7.210903 7.221128 7.231387 7.241682 7.252013 7.262382 7.272789 7.283227 7.291086 7.298973 7.309504 7.320082 7.330696 7.34135 7.352042 7.362773 7.373545 7.384356 7.395211 7.4061 7.417036 7.428007 7.439024 7.450078 7.46118 7.47232 7.483505 7.494725 7.503177 7.511652 7.522981 7.534358 7.545782 7.557248 7.568758 7.580314 7.591914 7.603559
6.973932 6.980864 6.990127 6.999422 7.008749 7.018103 7.027501 7.036914 7.032424 7.002936 7.011718 7.021335 7.030909 7.040513 7.05015 7.059819 7.06952 7.079259 7.089018 7.096371 7.10374 7.113585 7.12347 7.133389 7.143341 7.153329 7.163348 7.173406 7.183495 7.193623 7.203782 7.213982 7.224215 7.234484 7.24479 7.255133 7.265514 7.275925 7.283763 7.29163 7.302135 7.312686 7.323273 7.3339 7.344565 7.355269 7.366013 7.376796 7.387622 7.398483 7.40939 7.420333 7.431321 7.442347 7.453418 7.464529 7.475685 7.486872 7.495301 7.503756 7.515053 7.5264 7.537793 7.549228 7.560707 7.57223 7.583799 7.595413
6.96749 6.974405 6.983648 6.992922 7.002228 7.01156 7.020927 7.030347 7.039746 7.034893 7.005295 7.014619 7.024212 7.033796 7.04341 7.053057 7.062735 7.07245 7.082187 7.089521 7.096873 7.106694 7.116556 7.126451 7.136378 7.146342 7.156337 7.16637 7.176435 7.186538 7.196671 7.206846 7.217054 7.227299 7.237578 7.247895 7.258251 7.268635 7.276454 7.284301 7.294779 7.305304 7.315864 7.326463 7.337101 7.347777 7.358493 7.369249 7.380047 7.39088 7.401757 7.412672 7.423631 7.434627 7.445669 7.45675 7.467876 7.479034 7.487441 7.495872 7.50714 7.518456 7.529819 7.541222 7.55267 7.564161 7.575699 7.587281
6.961063 6.967963 6.977185 6.986438 6.995723 7.005034 7.014379 7.023751 7.033207 7.042442 7.012868 7.007992 7.017523 7.027094 7.036686 7.04631 7.055966 7.065658 7.075372 7.082689 7.090023 7.099821 7.109659 7.11953 7.129434 7.139374 7.149344 7.159353 7.169393 7.179471 7.18958 7.19973 7.209912 7.220132 7.230386 7.240677 7.251007 7.261365 7.269165 7.276992 7.287443 7.297941 7.308475 7.319046 7.329657 7.340306 7.350995 7.361722 7.372492 7.383296 7.394146 7.405031 7.415962 7.426929 7.437943 7.448994 7.460091 7.471219 7.479603 7.488012 7.499249 7.510535 7.521866 7.533238 7.544656 7.556116 7.567622 7.579172
6.954651 6.961535 6.970737 6.979968 6.989233 6.998522 7.007847 7.017197 7.026583 7.036071 7.044182 7.002618 7.010794 7.020407 7.029978 7.03958 7.049213 7.058883 7.068573 7.075873 7.083189 7.092965 7.102779 7.112627 7.122506 7.132423 7.142369 7.152353 7.162369 7.172423 7.182508 7.192632 7.202789 7.212983 7.223212 7.233478 7.243782 7.254114 7.261893 7.269701 7.280126 7.290597 7.301104 7.311649 7.322232 7.332854 7.343515 7.354215 7.364957 7.375733 7.386555 7.397412 7.408314 7.419252 7.430236 7.441259 7.452326 7.463424 7.471786 7.480173 7.49138 7.502635 7.513936 7.525278 7.536664 7.548093 7.559567 7.571086
6.948253 6.955122 6.964303 6.973514 6.982757 6.992025 7.001329 7.010657 7.020021 7.029424 7.038849 7.033929 7.004373 7.013688 7.023286 7.032866 7.042476 7.052123 7.061791 7.069074 7.076372 7.086124 7.095916 7.10574 7.115596 7.125488 7.13541 7.145371 7.155362 7.165391 7.175451 7.185551 7.195683 7.205852 7.216056 7.226296 7.236574 7.24688 7.254641 7.262429 7.272828 7.283272 7.293753 7.304271 7.314827 7.325421 7.336056 7.346727 7.357442 7.36819 7.378983 7.389812 7.400685 7.411595 7.42255 7.433544 7.444582 7.455651 7.46399 7.472354 7.483531 7.494756 7.506027 7.517338 7.528694 7.540092 7.551535 7.563023
6.941869 6.948722 6.957882 6.967073 6.976295 6.985543 6.994825 7.004133 7.013475 7.022846 7.032289 7.041525 7.011902 7.007087 7.016582 7.026167 7.035755 7.045379 7.055024 7.06229 7.069571 7.0793 7.089068 7.098868 7.108701 7.11857 7.128468 7.138405 7.148372 7.158377 7.168412 7.178487 7.188595 7.198738 7.208917 7.219131 7.229384 7.239665 7.247406 7.255175 7.265547 7.275966 7.286419 7.296911 7.30744 7.318007 7.328614 7.339259 7.349946 7.360666 7.371431 7.382232 7.393077 7.403958 7.414885 7.425849 7.436858 7.447897 7.456215 7.464557 7.475704 7.486898 7.498139 7.509419 7.520745 7.532112 7.543524 7.55498
6.935499 6.942338 6.951478 6.960647 6.969849 6.979076 6.988338 6.997623 7.006945 7.016294 7.025674 7.035158 7.043871 7.014379 7.009939 7.019474 7.02905 7.038651 7.048274 7.055522 7.062787 7.072493 7.082237 7.092014 7.101824 7.111669 7.121543 7.131455 7.141398 7.15138 7.161391 7.171441 7.181524 7.191642 7.201796 7.211986 7.222213 7.232468 7.24019 7.247939 7.258285 7.268677 7.279105 7.289569 7.300073 7.310613 7.321193 7.33181 7.342469 7.353162 7.3639 7.374672 7.385489 7.396341 7.407239 7.418175 7.429155 7.440165 7.448461 7.45678 7.467897 7.479062 7.490273 7.501523 7.512817 7.524154 7.535535 7.54696
6.929144 6.935966 6.945086 6.954236 6.963417 6.972623 6.981864 6.991129 7.000429 7.009757 7.019115 7.028512 7.037934 7.033483 7.003594 7.012751 7.022359 7.03194 7.041539 7.048771 7.056018 7.065701 7.075423 7.085176 7.094962 7.104784 7.114635 7.124524 7.134442 7.144399 7.154386 7.164412 7.17447 7.184564 7.194693 7.204857 7.215059 7.225288 7.232991 7.24072 7.251041 7.261407 7.271809 7.282247 7.292724 7.303237 7.313789 7.32438 7.335011 7.345677 7.356387 7.367132 7.37792 7.388744 7.399613 7.410521 7.421472 7.432453 7.440726 7.449024 7.460112 7.471247 7.482428 7.493648 7.504911 7.516218 7.527568 7.538961
6.922802 6.92961 6.93871 6.947839 6.956999 6.966185 6.975405 6.984649 6.993928 7.003234 7.012571 7.021938 7.03137 7.040742 7.023448 7.006185 7.01565 7.025242 7.03482 7.042035 7.049265 7.058925 7.068624 7.078355 7.088118 7.097916 7.107743 7.117608 7.127502 7.137435 7.147398 7.157399 7.167434 7.177503 7.187606 7.197745 7.207922 7.218127 7.22581 7.233521 7.243815 7.254156 7.264531 7.274943 7.285393 7.295879 7.306406 7.316968 7.327573 7.338212 7.348893 7.35961 7.370371 7.381167 7.392008 7.402886 7.413809 7.424762 7.433013 7.441288 7.452347 7.463452 7.474603 7.485793 7.497026 7.508303 7.519622 7.530985
6.916476 6.923268 6.932348 6.941456 6.950596 6.959762 6.96896 6.978184 6.987442 6.996727 7.006042 7.015388 7.024765 7.034235 7.043315 7.013416 7.009016 7.018551 7.028117 7.035315 7.042528 7.052166 7.061842 7.071549 7.081288 7.091063 7.100868 7.110709 7.12058 7.130488 7.140427 7.150404 7.160414 7.170459 7.180538 7.190652 7.200804 7.210983 7.218647 7.226339 7.236608 7.246922 7.257271 7.267657 7.27808 7.288541 7.29904 7.309577 7.320154 7.330765 7.34142 7.352109 7.362842 7.37361 7.384422 7.395273 7.406166 7.41709 7.42532 7.433573 7.444602 7.455678 7.4668 7.47796 7.489163 7.500408 7.511698 7.52303
6.910162 6.91694 6.925999 6.935088 6.944207 6.953352 6.96253 6.971733 6.98097 6.990234 6.999529 7.008853 7.018208 7.027603 7.037018 7.032522 7.003034 7.01182 7.021429 7.02861 7.035807 7.045422 7.055075 7.064759 7.074476 7.084229 7.094009 7.103827 7.113674 7.123559 7.133474 7.143427 7.153412 7.163432 7.173487 7.183576 7.193703 7.203857 7.211502 7.219174 7.229419 7.239707 7.250031 7.26039 7.270787 7.281221 7.291694 7.302203 7.312754 7.323338 7.333965 7.344626 7.355331 7.366072 7.376856 7.387678 7.398543 7.409439 7.417646 7.425879 7.436879 7.447926 7.459017 7.470147 7.48132 7.492536 7.503795 7.515097
6.903863 6.910625 6.919664 6.928733 6.937832 6.946957 6.956114 6.965297 6.974513 6.983756 6.99303 7.002334 7.011667 7.02103 7.030451 7.039847 7.034993 7.005398 7.01472 7.021922 7.029101 7.038694 7.048324 7.057986 7.06768 7.077409 7.087166 7.09696 7.106784 7.116646 7.126536 7.136466 7.146427 7.156423 7.166452 7.176517 7.186619 7.196749 7.204375 7.212028 7.222246 7.23251 7.242806 7.253141 7.263512 7.27392 7.284366 7.294848 7.305372 7.315929 7.326529 7.337163 7.347841 7.358553 7.36931 7.380104 7.39094 7.401807 7.409994 7.418204 7.429175 7.440193 7.451255 7.462356 7.473499 7.484684 7.495913 7.507185
6.897578 6.904325 6.913344 6.922393 6.931472 6.940577 6.949713 6.958875 6.968071 6.977293 6.986546 6.995828 7.00514 7.014482 7.023856 7.033309 7.042542 7.012977 7.008091 7.015241 7.022412 7.031982 7.04159 7.051229 7.0609 7.070606 7.08034 7.090111 7.099911 7.109749 7.119616 7.129521 7.139458 7.14943 7.159435 7.169476 7.179553 7.189658 7.197265 7.204899 7.215093 7.22533 7.235602 7.24591 7.256255 7.266637 7.277056 7.287513 7.29801 7.308539 7.319113 7.32972 7.34037 7.351055 7.361783 7.372549 7.383358 7.394197 7.402361 7.41055 7.421493 7.43248 7.443513 7.454585 7.465698 7.476854 7.488052 7.499293
6.891306 6.898039 6.907038 6.916067 6.925126 6.93421 6.943326 6.952468 6.961643 6.970845 6.980077 6.989338 6.998629 7.00795 7.017301 7.026684 7.036172 7.044294 7.002779 7.008534 7.015736 7.025285 7.034871 7.044488 7.054135 7.063819 7.07353 7.083278 7.093055 7.102869 7.112712 7.122594 7.132507 7.142454 7.152436 7.162452 7.172504 7.182584 7.190173 7.197788 7.207956 7.218169 7.228415 7.238697 7.249016 7.259372 7.269765 7.280195 7.290666 7.301169 7.311715 7.322295 7.332918 7.343575 7.354276 7.365014 7.375794 7.386605 7.394749 7.402915 7.413829 7.424789 7.435792 7.446834 7.457919 7.469044 7.480213 7.491424
6.885048 6.891766 6.900746 6.909754 6.918794 6.927857 6.936954 6.946075 6.955229 6.964411 6.973622 6.982862 6.992132 7.001431 7.010761 7.020123 7.029524 7.03895 7.033885 7.002326 7.009014 7.018602 7.028168 7.037762 7.047387 7.057048 7.066735 7.076461 7.086214 7.096005 7.105825 7.115683 7.125572 7.135495 7.145452 7.155444 7.165473 7.175528 7.183098 7.190694 7.200837 7.211025 7.221245 7.231503 7.241796 7.252125 7.262493 7.272897 7.28334 7.293817 7.304337 7.314889 7.325485 7.336115 7.346788 7.357498 7.368251 7.379033 7.387156 7.395301 7.406186 7.417117 7.428091 7.439104 7.450159 7.461256 7.472394 7.483575
6.878804 6.885507 6.894467 6.903456 6.912475 6.921519 6.930595 6.939696 6.948831 6.957992 6.967182 6.9764 6.98565 6.994929 7.004238 7.013577 7.022946 7.032385 7.041745 7.021945 7.002819 7.011868 7.021479 7.031052 7.040655 7.050292 7.059958 7.06966 7.07939 7.089158 7.098954 7.108788 7.118654 7.128554 7.138487 7.148454 7.158458 7.168489 7.176041 7.183619 7.193737 7.203898 7.214094 7.224326 7.234593 7.244897 7.255239 7.265616 7.276033 7.286484 7.296976 7.307502 7.318071 7.328673 7.33932 7.350002 7.360727 7.371481 7.379582 7.387707 7.398564 7.409466 7.420411 7.431395 7.442421 7.453487 7.464596 7.475748
