hazard/mentawai_9.0_shakemap.asc
ncols         388
nrows         251
xllcorner     97.796052334
yllcorner     -3.545616666
cellsize      0.016233332
NODATA_value  -9999
[rows 120 to 149 of 251, columns 272 to 339 of 388]
6.692676 6.684218 6.675998 6.667666 6.659388 6.651139 6.642926 6.634701 6.626511 6.618348 6.610212 6.602098 6.594059 6.581525 6.503423 6.567742 6.56391 6.555634 6.547119 6.539575 6.534296 6.520156 6.518269 6.510388 6.502689 6.487644 6.414467 6.148075 5.639742 4.872483 3.881032 2.796361 1.795524 0.9854847 0.4174822 0.1016288 0.0009165493 -4.072265e-007 1.688734e-016 2.108842e-038 0 0 0 0 0 0 0 0 0 0 0 0 0 0 0 0 0 0 0 0 0 0 0 0 0 0 0 0
6.698512 6.690156 6.681802 6.673484 6.665196 6.656975 6.646093 6.640481 6.632263 6.624069 6.615917 6.607784 6.599684 6.591669 6.579885 6.57557 6.565279 6.482092 6.467116 6.459567 6.537031 6.531736 6.52377 6.515885 6.508043 6.50047 6.483597 6.339607 6.021468 5.438467 4.598275 3.568522 2.483421 1.526484 0.7849788 0.2947809 0.0518371 -0.0007521663 -8.081319e-008 9.357491e-018 0 0 0 0 0 0 0 0 0 0 0 0 0 0 0 0 0 0 0 0 0 0 0 0 0 0 0 0
6.704391 6.696009 6.68765 6.679317 6.671059 6.658044 6.576873 6.63763 6.63801 6.629817 6.621633 6.613484 6.605361 6.597263 6.589206 6.58116 6.571073 6.492224 6.524724 6.387201 6.526352 6.537224 6.529307 6.521407 6.513539 6.505713 6.498491 6.464364 6.291436 5.88236 5.215494 4.307231 3.230124 2.169474 1.272981 0.6080986 0.1969111 0.02023953 -0.0001739821 -1.213961e-009 3.634372e-022 0 0 0 0 0 0 0 0 0 0 0 0 0 0 0 0 0 0 0 0 0 0 0 0 0 0 0
6.71029 6.701884 6.693509 6.685167 6.676807 6.648342 6.51159 6.572609 6.632853 6.63556 6.627368 6.619195 6.611057 6.602937 6.594844 6.586778 6.580794 6.570391 6.550857 6.41997 6.526249 6.542796 6.53486 6.526947 6.519073 6.511197 6.503397 6.49663 6.437071 6.18797 5.708244 4.966897 3.992791 2.892797 1.873904 1.047401 0.4622525 0.1259388 0.004664246 -8.293336e-006 -3.271277e-013 1.199257e-030 0 0 0 0 0 0 0 0 0 0 0 0 0 0 0 0 0 0 0 0 0 0 0 0 0 0
6.716216 6.707774 6.699379 6.691011 6.682696 6.674282 6.646038 6.641899 6.565972 6.637748 6.633117 6.624919 6.616763 6.608628 6.600516 6.592432 6.586383 6.580393 6.572238 6.529768 6.472657 6.544987 6.540429 6.532522 6.520415 6.516728 6.508854 6.501128 6.490539 6.373982 6.077179 5.51739 4.692874 3.662 2.572014 1.610589 0.8605072 0.3513758 0.0793009 -0.0001753103 -1.437642e-007 6.695362e-017 0 0 0 0 0 0 0 0 0 0 0 0 0 0 0 0 0 0 0 0 0 0 0 0 0 0
6.722135 6.713674 6.705263 6.696877 6.688517 6.680208 6.671892 6.663725 6.649292 6.647101 6.638855 6.630651 6.622481 6.614329 6.606202 6.598102 6.592038 6.585986 6.577983 6.569808 6.556243 6.553971 6.546003 6.531361 6.446863 6.51855 6.514374 6.506518 6.499035 6.476853 6.326704 5.945398 5.296844 4.39959 3.334393 2.286933 1.395961 0.7167619 0.2702187 0.04838955 -0.0007085879 -8.503295e-008 1.183853e-017 0 0 0 0 0 0 0 0 0 0 0 0 0 0 0 0 0 0 0 0 0 0 0 0 0
6.728045 6.719585 6.711159 6.702755 6.694377 6.686023 6.677702 6.669421 6.661127 6.652893 6.644613 6.636397 6.62821 6.620042 6.611899 6.603783 6.597707 6.591641 6.583584 6.575561 6.567558 6.55955 6.551568 6.543687 6.529446 6.527794 6.519883 6.512013 6.504211 6.497237 6.456069 6.243557 5.784712 5.065176 4.12237 3.058687 2.06583 1.230655 0.6029915 0.2048663 0.02508006 -0.0002652335 -4.015226e-009 6.572058e-021 0 0 0 0 0 0 0 0 0 0 0 0 0 0 0 0 0 0 0 0 0 0 0 0
6.733999 6.725533 6.717089 6.70865 6.70025 6.691879 6.683557 6.675241 6.653223 6.657496 6.650454 6.642158 6.633951 6.625767 6.617608 6.609475 6.603387 6.59731 6.589236 6.581186 6.573187 6.561004 6.557199 6.549142 6.541308 6.533321 6.525412 6.517573 6.509542 6.501929 6.495086 6.417561 6.143145 5.620335 4.851133 3.887029 2.853621 1.887492 1.083343 0.4959539 0.1445737 0.008044571 -2.495894e-005 -6.326802e-012 1.304939e-027 0 0 0 0 0 0 0 0 0 0 0 0 0 0 0 0 0 0 0 0 0 0 0
6.74 6.731441 6.719897 6.714587 6.70614 6.697756 6.689401 6.663157 6.529954 6.589771 6.654718 6.64798 6.63971 6.631505 6.623336 6.61518 6.609079 6.60299 6.594904 6.586846 6.572147 6.487691 6.560212 6.521363 6.54221 6.538911 6.531051 6.519359 6.477296 6.507016 6.499686 6.488618 6.369656 6.041895 5.471635 4.673442 3.707752 2.658277 1.697273 0.9236455 0.3848288 0.08953199 0.0001128387 -1.044686e-007 1.99336e-017 0 0 0 0 0 0 0 0 0 0 0 0 0 0 0 0 0 0 0 0 0 0 0
6.745562 6.702049 6.647363 6.717964 6.71206 6.703634 6.69532 6.677195 6.559564 6.449368 6.62898 6.649287 6.645506 6.637295 6.629061 6.620916 6.614782 6.608681 6.600575 6.592496 6.584504 6.56791 6.531714 6.350533 6.457204 6.54254 6.533825 6.445539 6.304887 6.475891 6.50493 6.497602 6.475361 6.317393 5.943207 5.328396 4.490182 3.476017 2.41051 1.473682 0.7504243 0.2755755 0.04472074 -0.0006298355 -4.128651e-008 1.723063e-018 0 0 0 0 0 0 0 0 0 0 0 0 0 0 0 0 0 0 0 0 0 0
6.703715 6.585594 6.64647 6.723732 6.717971 6.709521 6.701143 6.692919 6.663545 6.594279 6.662694 6.577034 6.648541 6.64062 6.61629 6.626621 6.620515 6.614384 6.606262 6.598156 6.590093 6.582149 6.56585 6.468573 6.478096 6.543802 6.510445 6.383771 6.444715 6.515338 6.51053 6.502679 6.495721 6.456152 6.258266 5.832377 5.157627 4.249032 3.176936 2.123652 1.235296 0.5792506 0.1785441 0.01400264 -7.598726e-005 -1.136654e-010 1.276916e-024 0 0 0 0 0 0 0 0 0 0 0 0 0 0 0 0 0 0 0 0 0
6.612998 6.699147 6.73404 6.732385 6.72387 6.715425 6.70701 6.698646 6.690382 6.678141 6.673775 6.659518 6.65411 6.572964 6.483624 6.614435 6.626225 6.620105 6.61196 6.603838 6.595744 6.587682 6.579746 6.565913 6.549975 6.478453 6.461909 6.505904 6.528411 6.523953 6.516006 6.508146 6.500367 6.49373 6.429047 6.181132 5.687655 4.93347 3.952288 2.848688 1.827689 1.001541 0.4221871 0.1010012 0.0006027884 -2.006899e-007 3.840376e-017 0 0 0 0 0 0 0 0 0 0 0 0 0 0 0 0 0 0 0 0 0
6.746101 6.755079 6.746897 6.738297 6.729798 6.721341 6.712909 6.7045 6.696134 6.687788 6.679438 6.671149 6.662965 6.641064 6.569498 6.635574 6.631985 6.625824 6.61767 6.609531 6.601421 6.593329 6.585271 6.577275 6.569432 6.559015 6.550022 6.545337 6.537397 6.52944 6.521542 6.51366 6.505805 6.498083 6.489617 6.387407 6.074082 5.496959 4.657166 3.611888 2.507763 1.534585 0.7802495 0.2848135 0.04522938 -0.0006334546 -3.844283e-008 1.397963e-018 0 0 0 0 0 0 0 0 0 0 0 0 0 0 0 0 0 0 0 0
6.770284 6.761355 6.752824 6.744244 6.73577 6.72727 6.718822 6.710395 6.701997 6.693621 6.685269 6.676943 6.668656 6.66046 6.648242 6.643914 6.637713 6.63156 6.623391 6.615236 6.60711 6.599002 6.590922 6.58292 6.570616 6.491208 6.557401 6.550889 6.542962 6.534938 6.523228 6.5192 6.511317 6.503491 6.495932 6.478227 6.324018 5.928292 5.258445 4.334151 3.238476 2.161548 1.247985 0.5763568 0.1718819 0.01140449 -4.913885e-005 -3.408247e-011 7.406147e-026 0 0 0 0 0 0 0 0 0 0 0 0 0 0 0 0 0 0 0
6.774476 6.750436 6.758904 6.73295 6.741704 6.733232 6.724743 6.716301 6.707884 6.699489 6.691123 6.682776 6.674459 6.66617 6.657911 6.649645 6.643469 6.637307 6.62912 6.62095 6.612808 6.604684 6.596596 6.588504 6.556168 6.409101 6.551111 6.547296 6.547996 6.503282 6.447823 6.521341 6.516867 6.508829 6.501191 6.494415 6.452534 6.22473 5.737761 4.974647 3.976811 2.857266 1.812208 0.975839 0.3999099 0.08970463 -0.0001977458 -7.098507e-008 8.98923e-018 0 0 0 0 0 0 0 0 0 0 0 0 0 0 0 0 0 0 0
6.761685 6.622709 6.732565 6.60534 6.73045 6.737676 6.729208 6.720756 6.712316 6.703903 6.695523 6.687165 6.678834 6.670523 6.662239 6.65398 6.647797 6.641626 6.633428 6.625246 6.617091 6.608956 6.600852 6.592811 6.567612 6.441992 6.5539 6.431533 6.490543 6.38628 6.502256 6.528955 6.517602 6.475015 6.505055 6.497824 6.472369 6.382665 6.082242 5.498566 4.63717 3.56319 2.448484 1.477049 0.7374529 0.2613711 0.03807027 -0.0005123947 -2.163765e-008 3.592102e-019 0 0 0 0 0 0 0 0 0 0 0 0 0 0 0 0 0 0
6.785502 6.742968 6.670197 6.668901 6.748057 6.742192 6.733697 6.720972 6.716769 6.70833 6.699932 6.691561 6.683217 6.674894 6.666608 6.658339 6.652137 6.645954 6.637743 6.629549 6.621382 6.613235 6.605112 6.597039 6.588915 6.553693 6.500092 6.404331 6.391445 6.448083 6.536656 6.531325 6.444031 6.302639 6.475686 6.486511 6.354485 6.401654 6.296151 5.901792 5.210811 4.257973 3.145994 2.07602 1.189643 0.5458729 0.1612456 0.01019864 -4.047988e-005 -2.169002e-011 2.479504e-026 0 0 0 0 0 0 0 0 0 0 0 0 0 0 0 0 0
6.791199 6.726919 6.543312 6.707171 6.756538 6.74819 6.732801 6.647903 6.719069 6.714244 6.705817 6.697427 6.689067 6.68075 6.672449 6.660093 6.657938 6.651733 6.643502 6.635291 6.627108 6.618945 6.610807 6.602693 6.594633 6.586617 6.575245 6.550305 6.540574 6.548498 6.546711 6.521115 6.388122 6.443005 6.512581 6.507298 6.484561 6.492969 6.427925 6.185686 5.676943 4.88533 3.864732 2.758492 1.755602 0.9529455 0.3961993 0.09213348 0.0001680214 -1.152059e-007 2.384449e-017 0 0 0 0 0 0 0 0 0 0 0 0 0 0 0 0 0
6.794539 6.714388 6.628309 6.753338 6.762679 6.754122 6.745633 6.730712 6.728629 6.720147 6.711714 6.703308 6.694947 6.686637 6.660189 6.585588 6.659777 6.657534 6.649276 6.641047 6.632849 6.624669 6.616522 6.608401 6.60028 6.592204 6.584173 6.576143 6.568118 6.56013 6.552124 6.544126 6.518848 6.525573 6.520482 6.512574 6.506769 6.499735 6.416229 6.32549 6.019971 5.422263 4.556561 3.505424 2.427957 1.483284 0.7546632 0.2769651 0.04508263 -0.0006440852 -4.488277e-008 2.13378e-018 0 0 0 0 0 0 0 0 0 0 0 0 0 0 0 0
6.761754 6.575931 6.711331 6.776328 6.76872 6.760098 6.751564 6.743053 6.734547 6.726067 6.717624 6.709205 6.70083 6.686183 6.601637 6.659176 6.669561 6.663329 6.655059 6.646815 6.6386 6.630413 6.622273 6.609956 6.605988 6.597865 6.589781 6.581733 6.5737 6.565681 6.557685 6.549743 6.541773 6.533897 6.525955 6.518085 6.512215 6.493909 6.369373 6.330671 6.244705 5.855719 5.17807 4.254936 3.178378 2.124441 1.236414 0.5808643 0.18028 0.014811 -8.737374e-005 -1.704053e-010 3.330456e-024 0 0 0 0 0 0 0 0 0 0 0 0 0 0 0
6.8056 6.721164 6.78556 6.783387 6.774728 6.766112 6.757545 6.749009 6.740495 6.732007 6.723546 6.715106 6.706704 6.698383 6.685187 6.681629 6.675394 6.66913 6.660854 6.652595 6.644366 6.636171 6.621242 6.536731 6.608361 6.603565 6.595448 6.587379 6.579348 6.57132 6.563294 6.555308 6.547353 6.539417 6.531525 6.519493 6.517702 6.511872 6.481211 6.427146 6.415812 6.186552 5.692294 4.932487 3.95028 2.848501 1.830096 1.00635 0.4283786 0.1056886 0.001231204 -6.179158e-007 2.242807e-016 5.095548e-038 0 0 0 0 0 0 0 0 0 0 0 0 0 0
6.810271 6.805262 6.78733 6.786772 6.777972 6.772171 6.763554 6.754992 6.746464 6.737958 6.72948 6.721023 6.712602 6.704264 6.692567 6.670132 6.681198 6.674976 6.666662 6.658386 6.650137 6.641918 6.633784 6.620472 6.614114 6.609269 6.601136 6.593081 6.582129 6.573573 6.568935 6.560912 6.552932 6.544996 6.530348 6.445877 6.519187 6.517334 6.509568 6.500572 6.493327 6.391365 6.074501 5.494866 4.656339 3.614726 2.514922 1.546354 0.796384 0.3001472 0.0533045 -0.0007614529 -8.157496e-008 9.345731e-018 0 0 0 0 0 0 0 0 0 0 0 0 0 0
6.798156 6.787739 6.659567 6.702627 6.706222 6.775409 6.76959 6.760993 6.752446 6.743922 6.735426 6.726955 6.718547 6.705038 6.613442 6.539792 6.668885 6.680792 6.672491 6.664188 6.655924 6.647683 6.639496 6.624861 6.539963 6.611335 6.60686 6.593604 6.512418 6.499705 6.571286 6.566538 6.558527 6.550566 6.54266 6.528493 6.528775 6.522837 6.514972 6.507144 6.499593 6.48108 6.322725 5.926706 5.260682 4.343009 3.254648 2.18586 1.283123 0.6131675 0.1981079 0.01988503 -0.0001606862 -9.028512e-010 1.774236e-022 0 0 0 0 0 0 0 0 0 0 0 0 0
6.825247 6.746793 6.713429 6.721622 6.780598 6.784245 6.775605 6.767003 6.75844 6.749898 6.741385 6.732896 6.724467 6.71168 6.630824 6.663618 6.692777 6.686667 6.678313 6.670002 6.661722 6.653461 6.645234 6.637075 6.622519 6.620689 6.612528 6.604461 6.591717 6.582987 6.580207 6.572146 6.564131 6.556148 6.548191 6.540264 6.534303 6.528369 6.520483 6.512618 6.504798 6.497927 6.45295 6.227503 5.746437 4.994942 4.011795 2.905638 1.881656 1.049862 0.4594245 0.1213116 0.00324986 -3.756355e-006 -2.654582e-014 3.648154e-033 0 0 0 0 0 0 0 0 0 0 0 0
6.833985 6.811983 6.741639 6.796672 6.799023 6.790291 6.781637 6.773026 6.764446 6.755887 6.747356 6.738848 6.730374 6.721981 6.709409 6.705 6.698811 6.692498 6.684155 6.67583 6.667532 6.659253 6.651001 6.642782 6.634588 6.626393 6.618226 6.610097 6.602008 6.593917 6.585823 6.577773 6.569748 6.561749 6.553768 6.545818 6.539858 6.533917 6.526016 6.518136 6.510274 6.502507 6.495416 6.406385 6.104709 5.537068 4.706265 3.67048 2.57519 1.606209 0.8458037 0.3321959 0.06632375 -0.0007578038 -1.206793e-007 2.642053e-017 0 0 0 0 0 0 0 0 0 0 0 0
6.840092 6.831382 6.818486 6.813813 6.805042 6.796343 6.787692 6.779063 6.770465 6.761888 6.75334 6.744814 6.736317 6.727846 6.719416 6.710986 6.704662 6.69837 6.690014 6.681695 6.67338 6.665065 6.65679 6.648544 6.640326 6.632128 6.623963 6.615815 6.607673 6.599565 6.591477 6.583417 6.575377 6.567362 6.559365 6.551398 6.545428 6.539476 6.53156 6.523665 6.51579 6.507941 6.500316 6.485078 6.338076 5.955516 5.303596 4.401156 3.328153 2.26826 1.355407 0.6652921 0.2268944 0.02842129 -0.0003139208 -5.567624e-009 1.381288e-020 0 0 0 0 0 0 0 0 0 0 0
6.846261 6.837409 6.828623 6.819857 6.811125 6.802431 6.793758 6.785112 6.776496 6.767901 6.759336 6.750793 6.742278 6.733784 6.725317 6.716876 6.710559 6.704257 6.695938 6.685199 6.676675 6.670914 6.662603 6.654328 6.646102 6.637918 6.629726 6.621516 6.613424 6.605281 6.597176 6.589085 6.581017 6.572986 6.564974 6.556991 6.55101 6.545046 6.537115 6.529205 6.521314 6.513447 6.505621 6.498586 6.459506 6.247044 5.783962 5.054724 4.096645 3.011958 1.976135 1.121309 0.5045981 0.1420325 0.006440751 -1.529882e-005 -1.54052e-012 4.761886e-029 0 0 0 0 0 0 0 0 0 0
6.852484 6.843574 6.834751 6.825981 6.817255 6.808548 6.799845 6.791175 6.78254 6.773928 6.765345 6.756783 6.748251 6.739739 6.731254 6.722797 6.716469 6.710184 6.698225 6.614925 6.604041 6.668443 6.668425 6.66015 6.651981 6.6375 6.607735 6.5904 6.613292 6.611327 6.601323 6.594795 6.586706 6.578621 6.570593 6.562595 6.556602 6.550627 6.54268 6.534755 6.526849 6.518969 6.511105 6.503325 6.49655 6.417678 6.134646 5.591516 4.787597 3.773541 2.679296 1.690209 0.9038287 0.3651575 0.07868494 -0.0005157794 -1.009764e-007 1.954736e-017 0 0 0 0 0 0 0 0 0 0
6.849967 6.849749 6.840919 6.832156 6.823411 6.810575 6.805964 6.797256 6.788598 6.779967 6.771366 6.762787 6.754237 6.745708 6.737206 6.728731 6.722391 6.716167 6.700811 6.600022 6.595637 6.602574 6.667865 6.666166 6.646022 6.532199 6.431258 6.387717 6.501123 6.568175 6.528035 6.577086 6.592387 6.584313 6.576223 6.56821 6.562205 6.556219 6.548257 6.540317 6.532396 6.524499 6.516622 6.50877 6.501089 6.488935 6.357812 5.998998 5.37401 4.496121 3.436731 2.357099 1.420355 0.7074931 0.2489937 0.03514018 -0.0004506577 -1.526415e-008 1.55804e-019 0 0 0 0 0 0 0 0 0
6.861188 6.855966 6.847114 6.838356 6.811398 6.736359 6.808497 6.80336 6.794669 6.786019 6.7774 6.768803 6.760235 6.751688 6.743168 6.734677 6.728343 6.721702 6.661528 6.482273 6.517471 6.517007 6.608887 6.671035 6.59604 6.404341 6.366043 6.288102 6.35686 6.398985 6.34423 6.437359 6.565073 6.589986 6.581888 6.573836 6.56782 6.561822 6.553844 6.545889 6.537952 6.530041 6.522148 6.51428 6.506444 6.499195 6.468446 6.275677 5.836496 5.12893 4.182687 3.090314 2.040177 1.169017 0.5353149 0.1568413 0.009308271 -3.323717e-005 -1.266101e-011 6.935308e-027 0 0 0 0 0 0 0 0
