hazard/mentawai_9.0_shakemap.asc
ncols         388
nrows         251
xllcorner     97.796052334
yllcorner     -3.545616666
cellsize      0.016233332
NODATA_value  -9999
[rows 150 to 179 of 251, columns 0 to 67 of 388]
7.208478 7.216137 7.226383 7.236664 7.246985 7.257339 7.267734 7.278161 7.288632 7.299137 7.30968 7.320262 7.330882 7.341542 7.35224 7.362978 7.373755 7.384577 7.395425 7.403602 7.411798 7.422751 7.433754 7.444796 7.45588 7.467008 7.478173 7.489387 7.500638 7.511937 7.523274 7.534661 7.546089 7.557562 7.569079 7.580641 7.592251 7.603895 7.612668 7.621474 7.633232 7.64505 7.656911 7.668819 7.680775 7.692779 7.70483 7.716929 7.72908 7.741274 7.753522 7.765815 7.778162 7.790553 7.802999 7.815493 7.828042 7.840625 7.85011 7.859626 7.872338 7.885111 7.897937 7.91081 7.923737 7.936711 7.949738 7.962815
7.201356 7.208997 7.219216 7.229473 7.239768 7.250095 7.260465 7.270866 7.281309 7.291788 7.302305 7.31286 7.323453 7.334085 7.344755 7.355466 7.366215 7.37701 7.387829 7.395985 7.40416 7.415083 7.426057 7.43707 7.448124 7.459224 7.470359 7.481542 7.492764 7.504033 7.51534 7.526696 7.538092 7.549534 7.56102 7.57255 7.584128 7.59574 7.604489 7.613271 7.624997 7.636782 7.64861 7.660485 7.672408 7.684377 7.696395 7.708461 7.720578 7.732737 7.744951 7.757209 7.769521 7.781878 7.794289 7.806747 7.819261 7.831809 7.841268 7.850756 7.863433 7.87617 7.88896 7.901798 7.914688 7.927628 7.940619 7.95366
7.194252 7.201873 7.212067 7.222298 7.232567 7.242869 7.253212 7.263587 7.274005 7.284457 7.294947 7.305475 7.316041 7.326646 7.33729 7.347972 7.358694 7.36946 7.380252 7.388386 7.39654 7.407435 7.418379 7.429364 7.440389 7.451458 7.462564 7.473717 7.484909 7.496148 7.507424 7.518749 7.530116 7.541527 7.55298 7.56448 7.576026 7.587606 7.596331 7.605089 7.616782 7.628535 7.64033 7.652172 7.664062 7.675998 7.687983 7.700014 7.712097 7.724222 7.736402 7.748625 7.760903 7.773224 7.785601 7.798025 7.810502 7.823015 7.832448 7.841909 7.85455 7.867252 7.880006 7.892808 7.905663 7.918566 7.931521 7.944528
7.187168 7.19477 7.204941 7.215147 7.225391 7.235667 7.245984 7.256333 7.266725 7.277151 7.287614 7.298116 7.308655 7.319232 7.329849 7.340504 7.351199 7.361937 7.372701 7.380812 7.388946 7.399813 7.410729 7.421685 7.432681 7.443721 7.454798 7.465921 7.477083 7.488292 7.499538 7.510833 7.522169 7.533548 7.544972 7.556439 7.567955 7.579504 7.588202 7.596936 7.608599 7.620319 7.632082 7.643892 7.655748 7.667651 7.679602 7.6916 7.70365 7.715741 7.727887 7.740076 7.752319 7.764606 7.776947 7.789337 7.801778 7.814256 7.82366 7.833096 7.845704 7.858369 7.871089 7.883855 7.896673 7.909542 7.922461 7.935431
7.18186 7.18945 7.199601 7.209787 7.220012 7.230269 7.240567 7.250897 7.261269 7.271675 7.282119 7.292601 7.30312 7.313677 7.324273 7.334908 7.345582 7.356299 7.367043 7.375139 7.383255 7.394102 7.404996 7.41593 7.426904 7.437922 7.448977 7.460079 7.471218 7.482404 7.493628 7.5049 7.516212 7.527569 7.538969 7.550414 7.561905 7.573431 7.582112 7.590827 7.602466 7.614161 7.6259 7.637685 7.649517 7.661395 7.673321 7.685294 7.697318 7.709384 7.721504 7.733667 7.745884 7.758145 7.770461 7.782824 7.795239 7.807692 7.817077 7.826491 7.839072 7.85171 7.864403 7.877143 7.889934 7.902775 7.915668 7.928612
7.176565 7.18414 7.194272 7.20444 7.214646 7.224884 7.235162 7.245473 7.255825 7.266212 7.276636 7.287097 7.297597 7.308134 7.31871 7.329324 7.339977 7.350674 7.361397 7.369478 7.377579 7.388403 7.399276 7.410188 7.42114 7.432137 7.44317 7.454249 7.465366 7.47653 7.487731 7.498981 7.51027 7.521604 7.532981 7.544402 7.55587 7.567372 7.576037 7.584733 7.596348 7.608019 7.619733 7.631494 7.6433 7.655154 7.667055 7.679003 7.691001 7.703042 7.715137 7.727274 7.739466 7.751701 7.763991 7.776327 7.788717 7.801143 7.810509 7.819902 7.832456 7.845068 7.857734 7.870447 7.883211 7.896025 7.908891 7.921808
7.169525 7.177082 7.187189 7.197332 7.207513 7.217726 7.227979 7.238264 7.24859 7.258951 7.269349 7.279784 7.290257 7.300768 7.311316 7.321904 7.33253 7.343199 7.353893 7.361953 7.370034 7.38083 7.391675 7.402559 7.413483 7.424451 7.435455 7.446505 7.457592 7.468726 7.479897 7.491117 7.502377 7.51368 7.525026 7.536416 7.547853 7.559323 7.567964 7.576638 7.58822 7.59986 7.611542 7.62327 7.635044 7.646864 7.658732 7.670648 7.682613 7.69462 7.706681 7.718784 7.730942 7.743143 7.755398 7.767699 7.780055 7.792444 7.801784 7.811152 7.823671 7.836248 7.848877 7.861555 7.874284 7.887063 7.899893 7.912774
7.162498 7.170036 7.180119 7.190237 7.200393 7.21058 7.220808 7.231068 7.241368 7.251703 7.262075 7.272484 7.28293 7.293414 7.303936 7.314497 7.325095 7.335738 7.346404 7.354444 7.362503 7.373271 7.384088 7.394943 7.405839 7.416778 7.427752 7.438773 7.449831 7.460936 7.472077 7.483267 7.494496 7.505769 7.517085 7.528444 7.53985 7.551289 7.559906 7.568556 7.580107 7.591715 7.603364 7.61506 7.626802 7.63859 7.650425 7.662306 7.674238 7.686212 7.698239 7.710309 7.722432 7.734598 7.746819 7.759086 7.771407 7.783762 7.793075 7.802417 7.8149 7.827442 7.840036 7.852678 7.865371 7.878114 7.890908 7.903753
7.155489 7.163009 7.173067 7.18316 7.193291 7.203454 7.213656 7.22389 7.234165 7.244474 7.254821 7.265203 7.275623 7.286081 7.296576 7.307109 7.317681 7.328296 7.338935 7.346954 7.354993 7.365733 7.376522 7.387349 7.398216 7.409126 7.420072 7.431065 7.442093 7.453168 7.46428 7.47544 7.486639 7.497881 7.509167 7.520495 7.531871 7.543279 7.551872 7.560499 7.572018 7.583593 7.595212 7.606875 7.618585 7.63034 7.642142 7.653991 7.66589 7.67783 7.689823 7.701859 7.713949 7.726081 7.738267 7.7505 7.762785 7.775106 7.784393 7.793709 7.806157 7.818663 7.831222 7.843828 7.856485 7.869193 7.881952 7.894761
7.148497 7.155999 7.166032 7.1761 7.186207 7.196344 7.206522 7.216731 7.22698 7.237263 7.247584 7.25794 7.268334 7.278766 7.289234 7.299741 7.310286 7.320874 7.331486 7.339484 7.347502 7.358214 7.368975 7.379775 7.390613 7.401495 7.412412 7.423375 7.434375 7.445421 7.456503 7.467633 7.478802 7.490015 7.50127 7.512568 7.523912 7.53529 7.54386 7.552464 7.563951 7.575495 7.587081 7.598712 7.61039 7.622113 7.633883 7.645698 7.657564 7.669471 7.681431 7.693433 7.705489 7.717587 7.729739 7.741938 7.754189 7.766474 7.775735 7.785025 7.797437 7.809908 7.822432 7.835003 7.847625 7.860296 7.873019 7.885793
7.141522 7.149005 7.159014 7.169059 7.179141 7.189253 7.199405 7.209589 7.219813 7.230071 7.240366 7.250696 7.261064 7.271469 7.281911 7.292392 7.302909 7.31347 7.324056 7.332033 7.340031 7.350716 7.361448 7.37222 7.38303 7.393884 7.404773 7.415707 7.426677 7.437694 7.448747 7.459847 7.470987 7.48217 7.493394 7.504663 7.515976 7.527322 7.53587 7.54445 7.555906 7.567419 7.578973 7.590572 7.602218 7.613908 7.625646 7.637428 7.649261 7.661135 7.673062 7.685031 7.697052 7.709117 7.721235 7.733399 7.745615 7.757867 7.767102 7.776365 7.788743 7.801178 7.813667 7.826202 7.838789 7.851425 7.864113 7.876851
7.134564 7.142029 7.152014 7.162034 7.172091 7.182179 7.192307 7.202465 7.212664 7.222896 7.233165 7.24347 7.253812 7.264191 7.274607 7.285061 7.295552 7.306086 7.316645 7.324602 7.332579 7.343236 7.353941 7.364685 7.375467 7.386292 7.397152 7.408058 7.419001 7.429988 7.441012 7.452083 7.463193 7.474346 7.48554 7.496778 7.508061 7.519377 7.527902 7.536458 7.547884 7.559364 7.570887 7.582455 7.594068 7.605727 7.617432 7.629182 7.640982 7.652822 7.664716 7.676652 7.68864 7.700671 7.712755 7.724885 7.737067 7.749284 7.758493 7.76773 7.780073 7.792474 7.804927 7.817428 7.829978 7.842579 7.855231 7.867933
7.127623 7.13507 7.145031 7.155025 7.165059 7.175122 7.185225 7.195358 7.205532 7.215739 7.225983 7.236262 7.246578 7.256931 7.267321 7.277749 7.288214 7.29872 7.309252 7.317189 7.325146 7.335776 7.346454 7.357169 7.367924 7.378721 7.389553 7.40043 7.411343 7.422302 7.433297 7.444339 7.455419 7.466542 7.477707 7.488914 7.500167 7.511453 7.519954 7.528488 7.539882 7.551332 7.562823 7.57436 7.585941 7.597567 7.60924 7.620958 7.632726 7.644534 7.656394 7.668296 7.680251 7.692248 7.704299 7.716394 7.728542 7.740726 7.749907 7.75912 7.771428 7.783793 7.796212 7.808676 7.821192 7.833757 7.846374 7.85904
7.120698 7.128128 7.138064 7.148036 7.158044 7.168083 7.178161 7.188269 7.198419 7.2086 7.218819 7.229072 7.239363 7.24969 7.260054 7.270455 7.280893 7.291374 7.301879 7.309795 7.317731 7.328335 7.338985 7.349673 7.360399 7.371169 7.381973 7.392821 7.403707 7.414637 7.425602 7.436615 7.447666 7.45876 7.469894 7.481072 7.492295 7.503551 7.512029 7.520539 7.531903 7.543322 7.554781 7.566287 7.577836 7.58943 7.601071 7.612757 7.624492 7.636268 7.648095 7.659965 7.671885 7.683849 7.695866 7.707928 7.720042 7.732191 7.741347 7.750533 7.762806 7.775138 7.787521 7.799951 7.812431 7.824961 7.837542 7.850173
7.113791 7.121202 7.131114 7.141062 7.151046 7.16106 7.171114 7.181198 7.191322 7.201479 7.211672 7.2219 7.232165 7.242467 7.252804 7.26318 7.273592 7.284046 7.294524 7.302421 7.310336 7.320913 7.331536 7.342196 7.352895 7.363637 7.374413 7.385233 7.39609 7.406991 7.417928 7.428911 7.439934 7.450998 7.462103 7.473251 7.484444 7.495669 7.504125 7.512612 7.523945 7.535333 7.546762 7.558235 7.569754 7.581316 7.592925 7.604578 7.616281 7.628024 7.639819 7.651655 7.663543 7.675474 7.687457 7.699485 7.711565 7.72368 7.732811 7.741971 7.75421 7.766506 7.778854 7.791249 7.803695 7.816189 7.828734 7.841331
7.106899 7.114293 7.124182 7.134105 7.144065 7.154056 7.164084 7.174143 7.184243 7.194375 7.204543 7.214746 7.224985 7.235261 7.245573 7.255922 7.266308 7.276736 7.287188 7.295065 7.30296 7.31351 7.324105 7.334738 7.34541 7.356124 7.366872 7.377665 7.388493 7.399365 7.410274 7.421228 7.432221 7.443256 7.454332 7.465451 7.476614 7.487809 7.496242 7.504706 7.516009 7.527366 7.538764 7.550206 7.561693 7.573224 7.584801 7.596422 7.608093 7.619803 7.631566 7.643369 7.655224 7.667121 7.679071 7.691066 7.703112 7.715192 7.724298 7.733432 7.745636 7.757898 7.770212 7.782572 7.794982 7.807442 7.819952 7.832512
7.100024 7.1074 7.117266 7.127165 7.137101 7.147067 7.157072 7.167107 7.177181 7.187288 7.197432 7.207609 7.217824 7.228074 7.23836 7.248683 7.259044 7.269445 7.279871 7.287727 7.295603 7.306126 7.316694 7.3273 7.337945 7.34863 7.359351 7.370115 7.380915 7.39176 7.40264 7.413566 7.42453 7.435535 7.446583 7.457671 7.468804 7.47997 7.488379 7.496822 7.508094 7.51942 7.530787 7.542199 7.553654 7.565154 7.576699 7.588289 7.599927 7.611606 7.623335 7.635106 7.646928 7.658792 7.67071 7.682671 7.694683 7.706729 7.71581 7.724917 7.737089 7.749316 7.761595 7.77392 7.786295 7.798719 7.811194 7.823719
7.093166 7.100524 7.110367 7.120242 7.130154 7.140097 7.150077 7.160087 7.170137 7.18022 7.190338 7.20049 7.21068 7.220904 7.231165 7.241463 7.251797 7.262173 7.272572 7.280409 7.288264 7.29876 7.309302 7.319881 7.330498 7.341157 7.35185 7.362586 7.373358 7.384174 7.395026 7.405923 7.416859 7.427835 7.438853 7.449913 7.461016 7.472152 7.480539 7.488958 7.5002 7.511497 7.522833 7.534213 7.545638 7.557106 7.56862 7.580178 7.591784 7.60343 7.615128 7.626866 7.638656 7.650487 7.66237 7.674298 7.686277 7.69829 7.707345 7.716427 7.728564 7.740757 7.753001 7.765292 7.777632 7.790022 7.802462 7.814951
7.086324 7.093665 7.103483 7.113336 7.123224 7.133142 7.143098 7.153084 7.16311 7.173168 7.183261 7.193389 7.203553 7.213753 7.223988 7.23426 7.244568 7.254918 7.265291 7.273108 7.280944 7.291414 7.301929 7.31248 7.32307 7.333702 7.344367 7.355076 7.36582 7.376608 7.387432 7.398301 7.409207 7.420155 7.431144 7.442174 7.453248 7.464354 7.47272 7.481116 7.492328 7.503593 7.514899 7.526249 7.537643 7.54908 7.560562 7.572089 7.583663 7.595278 7.606943 7.618649 7.630405 7.642204 7.654055 7.665949 7.677895 7.689874 7.698904 7.707961 7.720063 7.732222 7.744432 7.756688 7.768993 7.781348 7.793753 7.806207
7.079498 7.086822 7.096617 7.106445 7.11631 7.126204 7.136137 7.146099 7.1561 7.166133 7.176202 7.186305 7.196445 7.206619 7.216829 7.227076 7.237358 7.247682 7.258029 7.265827 7.273643 7.284085 7.294574 7.305099 7.315662 7.326266 7.336904 7.347586 7.358302 7.369062 7.379858 7.390698 7.401576 7.412496 7.423455 7.434456 7.445501 7.456578 7.464921 7.473295 7.484477 7.495712 7.506988 7.518307 7.52967 7.541076 7.552527 7.564022 7.575565 7.587147 7.59878 7.610454 7.622179 7.633945 7.645762 7.657624 7.669536 7.681482 7.690486 7.699518 7.711586 7.723711 7.735887 7.748108 7.760379 7.772699 7.785069 7.797488
7.072689 7.079995 7.089767 7.099572 7.109413 7.119284 7.129192 7.139131 7.149107 7.159117 7.16916 7.179239 7.189353 7.199503 7.209688 7.219909 7.230166 7.240464 7.250785 7.258563 7.26636 7.276776 7.287238 7.297737 7.308273 7.31885 7.32946 7.340115 7.350803 7.361536 7.372303 7.383116 7.393965 7.404856 7.415787 7.426759 7.437775 7.448822 7.457143 7.465495 7.476647 7.487853 7.499097 7.510386 7.521718 7.533093 7.544513 7.555977 7.567489 7.579039 7.59064 7.602283 7.613975 7.625708 7.637493 7.649321 7.6612 7.673113 7.682092 7.691099 7.703134 7.715224 7.727365 7.739553 7.751789 7.764074 7.776409 7.788794
7.065896 7.073184 7.082932 7.092714 7.102532 7.112379 7.122263 7.132177 7.14213 7.152114 7.162135 7.172189 7.182278 7.192402 7.202562 7.212758 7.22299 7.233263 7.243558 7.251317 7.259093 7.269484 7.27992 7.290391 7.300901 7.311451 7.322034 7.332661 7.343322 7.354027 7.364767 7.375551 7.386373 7.397234 7.408137 7.41908 7.430067 7.441085 7.449384 7.457714 7.468836 7.480011 7.491226 7.502484 7.513786 7.525131 7.53652 7.547953 7.559433 7.570951 7.58252 7.594131 7.605791 7.617491 7.629244 7.64104 7.652885 7.664766 7.67372 7.682701 7.694702 7.706759 7.718866 7.731019 7.743221 7.755472 7.767772 7.780121
7.059121 7.066392 7.076118 7.085877 7.095672 7.105495 7.115356 7.125247 7.135176 7.145136 7.155131 7.165161 7.175226 7.185326 7.19546 7.205631 7.215838 7.226084 7.236355 7.244093 7.251851 7.262216 7.272625 7.283071 7.293554 7.304077 7.314633 7.325233 7.335867 7.346544 7.357257 7.368013 7.378807 7.389641 7.400515 7.411429 7.422387 7.433375 7.441651 7.449959 7.461053 7.472198 7.483384 7.494612 7.505883 7.517198 7.528556 7.539958 7.551406 7.562894 7.574431 7.58601 7.597638 7.609307 7.621027 7.63279 7.644603 7.65645 7.665378 7.674334 7.686304 7.698327 7.710401 7.722519 7.734687 7.746903 7.759169 7.771483
7.054046 7.061304 7.071013 7.080754 7.090531 7.100337 7.11018 7.120053 7.129964 7.139906 7.149884 7.159895 7.169941 7.180022 7.190139 7.200291 7.210478 7.220706 7.230958 7.238682 7.246424 7.25677 7.267159 7.277585 7.288048 7.298552 7.309088 7.319667 7.33028 7.340938 7.351628 7.362364 7.373137 7.383949 7.394802 7.405695 7.416631 7.427599 7.435859 7.444149 7.455221 7.466344 7.477507 7.488712 7.499961 7.511252 7.522588 7.533966 7.545391 7.556856 7.56837 7.579924 7.591528 7.603172 7.614868 7.626607 7.638396 7.650219 7.659129 7.668065 7.680009 7.692007 7.704055 7.716148 7.728291 7.74048 7.75272 7.765009
7.04898 7.056227 7.065917 7.075641 7.085401 7.095189 7.105015 7.11487 7.124763 7.134687 7.144647 7.15464 7.164668 7.17473 7.184828 7.194962 7.20513 7.215339 7.225572 7.233282 7.241009 7.251335 7.261705 7.272111 7.282554 7.293037 7.303554 7.314113 7.324706 7.335342 7.346013 7.356728 7.367479 7.37827 7.389102 7.399974 7.410889 7.421835 7.430079 7.438353 7.449401 7.460503 7.471643 7.482827 7.494052 7.50532 7.516633 7.527988 7.53939 7.550831 7.562322 7.573852 7.585433 7.597053 7.608725 7.620439 7.632203 7.644002 7.652894 7.661811 7.673729 7.685702 7.697724 7.709792 7.721909 7.734074 7.746287 7.75855
7.042246 7.049476 7.059144 7.068845 7.078582 7.088347 7.098149 7.107981 7.11785 7.127751 7.137686 7.147655 7.157659 7.167697 7.17777 7.187879 7.198022 7.208206 7.218412 7.226103 7.233813 7.244112 7.254457 7.264837 7.275253 7.28571 7.2962 7.306732 7.317298 7.327908 7.338551 7.349238 7.359962 7.370726 7.381528 7.392372 7.403258 7.414176 7.422397 7.430651 7.441671 7.452743 7.463853 7.475007 7.486202 7.497441 7.508723 7.520047 7.531419 7.542829 7.554288 7.565787 7.577336 7.588924 7.600564 7.612246 7.623978 7.635743 7.644609 7.653503 7.665389 7.677328 7.689318 7.701352 7.713435 7.725565 7.737745 7.749973
7.035524 7.042737 7.052382 7.06206 7.071774 7.081515 7.091295 7.101102 7.110948 7.120825 7.130736 7.140681 7.150661 7.160675 7.170723 7.180807 7.190926 7.201084 7.211266 7.218938 7.226628 7.236902 7.247221 7.257575 7.267965 7.278396 7.288858 7.299364 7.309903 7.320486 7.331101 7.341762 7.352457 7.363194 7.373968 7.384784 7.395641 7.40653 7.414731 7.422962 7.433952 7.444995 7.456077 7.4672 7.478366 7.489573 7.500825 7.51212 7.52346 7.53484 7.546268 7.557735 7.569252 7.58081 7.592417 7.604067 7.615767 7.627499 7.636341 7.645211 7.657063 7.668969 7.680924 7.692924 7.704974 7.717071 7.729216 7.74141
7.028818 7.036014 7.045637 7.055292 7.064983 7.074702 7.084457 7.094242 7.104064 7.113917 7.123805 7.133726 7.143682 7.153671 7.163695 7.173755 7.183848 7.193982 7.204139 7.211792 7.219463 7.229711 7.240004 7.250332 7.260696 7.271101 7.281538 7.292017 7.302529 7.313084 7.323673 7.334305 7.344974 7.355682 7.366429 7.377216 7.388046 7.398906 7.407085 7.415295 7.426257 7.43727 7.448322 7.459416 7.470552 7.48173 7.492952 7.504216 7.515526 7.526874 7.538271 7.549708 7.561193 7.572719 7.584295 7.595913 7.60758 7.61928 7.628098 7.636943 7.648762 7.660635 7.672557 7.684525 7.69654 7.708602 7.720713 7.732873
7.022127 7.029307 7.038908 7.04854 7.058208 7.067904 7.077637 7.087398 7.097198 7.107027 7.116891 7.126788 7.136719 7.146685 7.156684 7.166719 7.176788 7.186897 7.197029 7.204663 7.212315 7.222538 7.232805 7.243108 7.253447 7.263824 7.274235 7.284688 7.295174 7.305702 7.316263 7.326869 7.33751 7.348191 7.35891 7.369669 7.380471 7.391303 7.39946 7.407648 7.418581 7.429565 7.440588 7.451653 7.462759 7.473907 7.485099 7.496333 7.507613 7.51893 7.530297 7.541702 7.553157 7.564651 7.576195 7.587781 7.599416 7.611084 7.619878 7.628698 7.640484 7.652324 7.664213 7.676147 7.688128 7.700158 7.712235 7.724361
7.015451 7.022617 7.032194 7.041804 7.051449 7.061122 7.070832 7.08057 7.090346 7.100152 7.109993 7.119866 7.129774 7.139715 7.14969 7.159701 7.169745 7.17983 7.189937 7.197552 7.205184 7.215383 7.225625 7.235901 7.246214 7.256566 7.266951 7.277377 7.287836 7.298337 7.308872 7.31945 7.330065 7.340718 7.351409 7.362141 7.372915 7.383718 7.391855 7.400021 7.410925 7.421881 7.432875 7.44391 7.454987 7.466106 7.477267 7.488471 7.499721 7.511008 7.522344 7.533718 7.545141 7.556604 7.568117 7.579671 7.591274 7.602911 7.61168 7.620475 7.632229 7.644036 7.655892 7.667793 7.679741 7.691737 7.70378 7.715872
