hazard/palu_koro_6.5_shakemap.asc
ncols         382
nrows         436
xllcorner     118.75757142431
yllcorner     -2.9166665
cellsize      0.00833
NODATA_value  -9999
[rows 240 to 269 of 436, columns 136 to 203 of 382]
7.396111 7.261067 7.255477 7.472243 7.331171 7.312231 7.527133 7.565343 7.572289 7.419902 7.408529 7.42963 7.448334 7.488266 7.632792 7.645969 7.494636 7.470298 7.515718 7.677883 7.688182 7.707647 7.708254 7.733837 7.870525 7.852817 7.669533 7.572992 7.425579 7.386777 7.394275 7.540746 7.542275 7.484533 7.338432 7.283581 7.260623 7.41933 7.228663 7.180984 7.158939 7.184431 7.334963 7.319969 7.14642 7.069992 7.019065 6.995469 6.971773 6.948061 6.936645 6.89982 6.88484 6.868548 6.835618 6.813601 6.78293 6.759539 6.785013 6.927918 6.770739 6.674679 6.879345 6.849524 6.68025 6.622491 6.586643 6.555183
7.25956 7.428513 7.327188 7.482032 7.49018 7.334309 7.542681 7.587063 7.605021 7.611355 7.628122 7.645865 7.660378 7.646616 7.501412 7.485223 7.483545 7.503364 7.675198 7.706533 7.722545 7.909709 7.93946 7.938235 7.947259 7.915844 7.694252 7.655631 7.617752 7.564996 7.415169 7.373677 7.355555 7.362612 7.494771 7.462364 7.304336 7.255634 7.220163 7.21991 7.174624 7.150603 7.143691 7.16164 7.317918 7.251103 7.05342 7.007326 6.983186 6.959054 6.952343 6.911339 6.954722 7.086734 6.910944 7.001381 6.851684 6.785887 6.744882 6.771791 6.914756 6.697138 6.925609 6.683764 6.848578 6.865802 6.842135 6.817169
7.240852 7.326798 7.478787 7.336208 7.328504 7.352158 7.565846 7.641852 7.626686 7.614428 7.474698 7.466329 7.479301 7.487322 7.502029 7.501912 7.511889 7.58133 7.719427 7.546801 7.637237 7.941283 7.988137 7.98092 7.971895 7.938412 7.713426 7.710273 7.667653 7.646111 7.577191 7.428865 7.402712 7.533202 7.549949 7.529199 7.463033 7.300498 7.247837 7.40951 7.262901 7.167171 7.140039 7.116271 7.115129 7.082744 7.042877 7.036964 6.99378 6.979763 7.148138 7.000543 7.119944 6.916855 7.06286 7.090146 7.049643 6.985717 6.819256 6.745823 6.7181 6.743413 6.949663 6.852078 6.687901 6.616914 6.626178 6.798964
7.411119 7.471472 7.325483 7.322148 7.352421 7.41541 7.629176 7.845088 7.666181 7.480892 7.460341 7.476722 7.4916 7.549434 7.680098 7.532838 7.604159 7.744463 7.583974 7.575636 7.776267 7.997687 8.013827 8.006123 7.996603 7.966395 7.776925 7.921136 7.758782 7.698269 7.65115 7.616406 7.556353 7.40205 7.531779 7.533469 7.510227 7.450572 7.301414 7.259475 7.40507 7.245262 7.175095 7.128118 7.103502 7.078727 7.064284 7.225549 7.061573 6.989971 7.174662 7.154487 6.965043 7.101915 7.112459 7.081081 7.075035 7.043267 7.007398 6.939115 6.786112 6.920721 6.941432 6.943649 6.903419 6.860342 6.79059 6.605361
7.309141 7.480654 7.348614 7.502876 7.560096 7.587844 7.623964 7.667325 7.653324 7.47142 7.481037 7.498479 7.52901 7.701877 7.757094 7.567778 7.75584 7.609205 7.577968 7.750903 7.975593 8.044846 8.038952 8.030805 8.020765 8.007571 7.919462 7.759859 7.912555 7.887715 7.694866 7.632176 7.446638 7.382054 7.366031 7.347273 7.321493 7.316141 7.461256 7.285756 7.248884 7.389631 7.357474 7.194699 7.115928 7.089135 7.08171 7.29284 7.229579 7.044187 6.998301 7.152376 6.930199 7.093239 6.919231 6.875916 7.023901 6.849997 6.787678 6.784554 6.94816 6.904365 6.723832 6.932024 6.896992 6.663621 6.856264 6.826204
7.272498 7.347503 7.495602 7.559824 7.587984 7.617478 7.640177 7.66263 7.672585 7.491665 7.500358 7.536094 7.553956 7.590086 7.759056 7.610845 7.595744 7.601233 7.665346 7.875882 8.060085 8.069574 8.063158 8.054629 8.043877 8.031247 8.014628 7.970929 7.982515 7.942762 7.71994 7.646248 7.463451 7.398578 7.386283 7.543559 7.501757 7.344486 7.303263 7.422006 7.258358 7.231954 7.373035 7.348217 7.19128 7.101001 7.082689 7.265954 7.288513 7.243047 7.165759 7.006345 6.920746 6.907897 6.91187 7.045111 6.87698 6.807778 6.964182 6.802656 6.754106 6.746187 6.892523 6.930821 6.937026 6.880422 6.892135 6.869904
7.283555 7.309317 7.3438 7.372314 7.441043 7.61641 7.655845 7.679054 7.69382 7.546856 7.577395 7.730161 7.741244 7.579886 7.622792 7.777353 7.8052 7.81899 7.916515 8.06032 8.087755 8.092859 8.086496 8.077325 8.065934 8.052395 8.037018 8.019639 8.00129 7.965198 7.767964 7.685453 7.604486 7.42714 7.390163 7.379047 7.37322 7.509978 7.500822 7.488082 7.408216 7.24064 7.216479 7.355461 7.360682 7.19203 7.08264 7.09856 7.240903 7.090392 6.993013 6.967273 6.950463 6.95825 7.09808 7.104369 6.859082 6.821489 7.035135 7.01276 7.023357 6.956027 6.894282 6.716222 6.920671 6.92252 6.900255 6.877925
7.294415 7.320494 7.34598 7.384763 7.568842 7.645591 7.670142 7.693977 7.717596 7.731758 7.754146 7.755069 7.613095 7.592067 7.623341 7.824688 7.853734 7.889087 8.089393 7.931973 7.903455 8.065386 8.108228 8.098797 8.086604 8.07233 8.056045 8.038044 8.018552 7.997772 7.925914 7.759908 7.654772 7.466359 7.402792 7.377913 7.352705 7.36611 7.517355 7.497841 7.470449 7.388641 7.204292 7.179295 7.201391 7.3388 7.115656 7.087349 7.083967 7.246984 7.063101 7.175087 7.181797 7.165912 7.158548 7.109032 6.862386 6.82938 7.042366 7.069352 7.247397 6.969806 6.75765 6.902543 6.953811 6.930814 6.908273 6.885969
7.303804 7.330355 7.357016 7.430311 7.615066 7.658046 7.682886 7.707556 7.723557 7.56882 7.566262 7.582194 7.592616 7.623402 7.67423 7.849481 7.873068 7.881808 7.957251 8.105604 7.903436 7.921399 8.084373 8.11832 8.105756 8.090633 8.073566 8.054734 8.034385 8.012929 7.989772 7.921268 7.752595 7.610118 7.453928 7.402097 7.362295 7.343398 7.496929 7.506997 7.481253 7.436306 7.253067 7.188425 7.152805 7.143673 7.115448 7.300249 7.125669 7.064116 7.212746 7.240968 7.216336 7.191102 7.149336 7.071167 6.863238 6.841069 7.049994 7.068286 7.020534 6.795532 6.710392 6.757546 6.977332 6.93962 6.916344 6.894065
7.311965 7.339013 7.409333 7.574097 7.642645 7.668469 7.694089 7.71942 7.734026 7.553023 7.566514 7.602849 7.659776 7.803528 7.850302 7.880155 7.891203 7.899535 7.900525 7.921903 7.900118 7.899961 7.9386 8.095199 8.122693 8.107095 8.089277 8.069654 8.048491 8.026134 8.002895 7.978625 7.912869 7.738806 7.630268 7.571961 7.414286 7.345371 7.346836 7.478876 7.490198 7.464396 7.421969 7.36063 7.20434 7.149435 7.127569 7.141223 7.293994 7.104525 7.047388 7.236881 7.224343 7.130757 6.978637 6.893237 6.874582 6.898767 7.093153 7.243538 6.900667 6.761739 6.71865 6.856164 7.203113 6.987608 6.924945 6.902074
7.318801 7.359484 7.534744 7.623879 7.651131 7.677438 7.703608 7.729493 7.744873 7.562932 7.591748 7.767165 7.833122 7.864741 7.880795 7.89513 7.900043 7.881986 7.899971 7.90021 7.900184 7.900184 7.900167 7.945786 8.095463 8.101803 8.092061 8.082472 8.060761 8.037678 8.01362 7.988996 7.963861 7.870539 7.679348 7.631591 7.559946 7.398928 7.338314 7.337865 7.490079 7.473547 7.447411 7.420896 7.380567 7.356476 7.363342 7.296888 7.138618 7.256744 7.042601 7.262994 7.206254 6.985937 7.132367 6.906834 7.0762 7.096841 7.087669 7.066698 6.805077 6.922791 6.739721 6.929944 7.007896 6.956117 6.932777 6.91033
7.324255 7.364795 7.429793 7.5796 7.642246 7.684862 7.711378 7.737647 7.753777 7.574403 7.588399 7.623727 7.683569 7.862066 7.892841 7.900094 7.839854 7.699397 7.844281 7.900209 7.900184 7.900209 7.884227 7.900379 7.91163 7.869387 7.913238 8.053214 8.070788 8.035935 8.006361 7.978641 7.921104 7.74593 7.667843 7.641452 7.615292 7.575502 7.543016 7.518132 7.50952 7.483032 7.456621 7.43053 7.437492 7.381087 7.341028 7.152555 7.08653 7.070948 7.139029 7.438884 7.247385 7.169567 7.068377 6.912022 7.089659 7.108688 7.096566 7.060081 6.897544 7.177337 6.802317 6.965895 6.95621 6.963682 6.940776 6.88498
7.344704 7.524481 7.576148 7.433946 7.491388 7.671836 7.717135 7.743793 7.762618 7.609159 7.595953 7.618795 7.655788 7.839764 7.900283 7.884874 7.707178 7.843571 7.710124 7.886406 7.900439 7.852387 7.717046 7.888037 7.879671 7.692076 7.847806 7.89125 8.0187 7.85974 7.798628 7.770292 7.741368 7.702795 7.676839 7.650917 7.624773 7.598475 7.572085 7.545552 7.519051 7.492554 7.466204 7.457356 7.630773 7.410336 7.191473 7.118192 7.287336 7.296771 7.26935 7.13612 7.02673 7.182238 7.3447 6.987432 6.90487 6.913655 7.057114 7.081115 7.050625 7.042246 6.763766 6.96601 6.964079 6.97142 6.910383 6.679223
7.330985 7.426812 7.601169 7.619927 7.652104 7.693873 7.720944 7.747734 7.773927 7.763421 7.636577 7.624229 7.645575 7.703176 7.85938 7.900855 7.891896 7.89006 7.685867 7.850513 7.852567 7.701838 7.706879 7.888071 7.900225 7.878927 7.87033 7.870853 7.84577 7.810646 7.786956 7.76256 7.73758 7.712173 7.686471 7.660531 7.634392 7.608071 7.581643 7.555115 7.528609 7.502179 7.475754 7.449534 7.447839 7.379064 7.183758 7.129355 7.342692 7.337044 7.310341 7.249613 7.045294 6.991149 7.130752 6.968778 6.91018 6.87228 6.88925 7.035089 7.052944 7.019455 6.767407 6.938931 6.972423 6.949584 6.956778 6.899234
7.347675 7.540061 7.612887 7.640061 7.667845 7.695397 7.722636 7.74954 7.775998 7.801593 7.791801 7.668518 7.666109 7.679038 7.709988 7.846945 7.732656 7.894334 7.717428 7.681108 7.684233 7.71436 7.860586 7.900428 7.885478 7.861154 7.748949 8.044754 7.865333 7.819392 7.79588 7.771689 7.74687 7.721586 7.696045 7.670158 7.633894 7.603487 7.578515 7.564846 7.538298 7.511795 7.485419 7.458937 7.432968 7.405918 7.319529 7.13981 7.35324 7.345865 7.336247 7.485717 7.310744 7.167181 7.004702 7.140961 7.10273 6.892459 6.868205 6.842371 6.858968 6.983785 6.774102 6.782334 6.967757 6.957834 6.965834 6.943072
7.347942 7.538408 7.612423 7.639729 7.667464 7.695044 7.722327 7.74921 7.775517 7.80125 7.826331 7.842568 7.864453 7.850918 7.688031 7.684234 7.689736 7.89656 7.85864 7.720526 7.862107 7.893512 7.890203 7.855456 7.708592 7.70577 7.847963 7.89036 7.828372 7.82775 7.804623 7.780608 7.755989 7.730946 7.705599 7.636531 7.471941 7.413349 7.407542 7.566011 7.54804 7.521527 7.494941 7.468608 7.469656 7.440034 7.357902 7.149223 7.357923 7.355767 7.405038 7.587095 7.549769 7.451107 7.260882 7.204912 7.113246 6.900397 7.062736 6.901448 6.817552 6.808113 6.770199 6.764084 6.973606 6.966173 6.974067 6.951486
7.330551 7.406945 7.593536 7.637929 7.665366 7.692813 7.719959 7.746693 7.772846 7.798373 7.816014 7.666307 7.664851 7.679461 7.67727 7.692692 7.688185 7.890817 7.717395 7.860704 7.871835 7.726273 7.688135 7.712301 7.856795 7.88466 7.896903 7.855464 7.663215 7.82304 7.813182 7.789445 7.765059 7.740363 7.698634 7.509478 7.43855 7.420804 7.430651 7.57853 7.542965 7.531085 7.504656 7.494555 7.670952 7.614915 7.398909 7.161242 7.328746 7.387324 7.573545 7.610033 7.585309 7.557272 7.457734 7.226029 6.997604 6.904701 7.09889 7.070261 6.852407 6.801754 6.778821 6.810921 6.989773 6.958415 6.951802 6.959618
7.327385 7.370452 7.55821 7.634087 7.661533 7.68867 7.715562 7.742023 7.767886 7.793091 7.807087 7.627243 7.638518 7.658783 7.697655 7.870539 7.686174 7.857469 7.711497 7.686063 7.688592 7.677005 7.712404 7.862906 7.891522 7.900595 7.890214 7.885309 7.847533 7.829704 7.821633 7.798293 7.774167 7.749971 7.67765 7.487198 7.453193 7.599517 7.636631 7.573459 7.374632 7.494018 7.514245 7.487834 7.482973 7.452758 7.38483 7.168537 7.165807 7.308911 7.427625 7.60973 7.593882 7.569152 7.520983 7.306077 7.123339 6.933136 6.929023 7.113156 6.911807 6.837513 6.841318 6.983495 6.989654 6.780479 6.944263 6.967989
7.322896 7.349871 7.437865 7.614163 7.655842 7.682681 7.709195 7.73527 7.760738 7.785485 7.801515 7.643855 7.631184 7.651742 7.670748 7.692719 7.684278 7.71272 7.865044 7.721985 7.677088 7.686473 7.851813 7.894673 7.72331 7.845202 7.728259 7.861303 7.855748 7.66073 7.819424 7.798096 7.770052 7.748259 7.556135 7.483394 7.472117 7.675567 7.817532 7.603796 7.512151 7.355576 7.511977 7.497493 7.471076 7.444867 7.402804 7.211785 7.143205 7.158472 7.370109 7.61099 7.603012 7.577816 7.552948 7.472133 7.2752 7.097761 6.942413 7.123532 7.096192 7.062361 7.043712 7.038729 6.984838 6.740607 6.908949 6.942275
7.316876 7.385825 7.5533 7.621695 7.648474 7.674863 7.700946 7.726703 7.751841 7.776651 7.800631 7.787503 7.631184 7.644346 7.663979 7.688906 7.848092 7.714657 7.870276 7.87067 7.685784 7.685524 7.733602 7.894129 7.716086 7.685341 7.676784 7.714713 7.85291 7.846499 7.828833 7.649111 7.592309 7.71598 7.532683 7.509007 7.515656 7.66148 7.529993 7.409612 7.556099 7.549077 7.533978 7.507156 7.480682 7.454515 7.428792 7.33657 7.160065 7.138103 7.364207 7.616059 7.61227 7.586862 7.561942 7.536394 7.455385 7.261416 7.138122 7.142122 7.118051 7.094147 7.070466 7.046995 6.994433 6.747924 6.722533 6.703968
7.324577 7.515695 7.58667 7.613216 7.639399 7.665578 7.691743 7.717129 7.722578 7.767646 7.792126 7.807374 7.65279 7.647334 7.656845 7.692131 7.892587 7.866889 7.722442 7.853551 7.684124 7.84603 7.89537 7.896452 7.850552 7.688514 7.677304 7.677122 7.700076 7.834537 7.83416 7.774307 7.624816 7.561871 7.534671 7.687877 7.693699 7.675795 7.640152 7.558882 7.411666 7.376751 7.532133 7.516778 7.490242 7.464157 7.422277 7.248456 7.171238 7.141162 7.326781 7.579174 7.62142 7.596136 7.57085 7.546094 7.520394 7.437027 7.253229 7.176812 7.126276 7.125357 7.103279 7.05592 7.003698 6.764096 6.719404 6.710807
7.32031 7.530271 7.577777 7.603523 7.62983 7.65617 7.682128 7.652044 7.54289 7.735318 7.783224 7.807228 7.819735 7.814609 7.656157 7.679829 7.859331 7.858353 7.68698 7.68875 7.677008 7.722279 7.89428 7.729442 7.690547 7.677284 7.677301 7.677262 7.684454 7.658986 7.638347 7.646749 7.786553 7.625926 7.552038 7.51797 7.519133 7.651017 7.647626 7.63237 7.592242 7.560655 7.552878 7.526276 7.499879 7.503404 7.448514 7.40439 7.337502 7.152627 7.168221 7.414625 7.618802 7.605381 7.580012 7.554925 7.530211 7.505361 7.456383 7.382798 7.226606 7.346623 7.314611 7.09984 7.007236 6.776136 6.727553 6.705155
7.337665 7.497305 7.567405 7.594151 7.620337 7.646603 7.659632 7.497848 7.657282 7.748719 7.774485 7.798532 7.821944 7.833328 7.647901 7.670396 7.681242 7.686051 7.677282 7.677315 7.677013 7.717528 7.861785 7.692214 7.677269 7.677272 7.695873 7.695495 7.86763 7.675244 7.673829 7.799279 7.644548 7.773903 7.724365 7.574477 7.667291 7.514952 7.468773 7.600324 7.603152 7.588987 7.562571 7.535882 7.526871 7.700491 7.491332 7.431781 7.385338 7.19147 7.138868 7.373348 7.61851 7.614609 7.589201 7.564035 7.53904 7.514379 7.489944 7.464972 7.422965 7.418117 7.363323 7.106385 6.97892 6.813213 6.737349 6.713477
7.485467 7.356254 7.504182 7.567637 7.610931 7.637098 7.663236 7.671059 7.714649 7.74061 7.749444 7.78974 7.813683 7.841449 7.64359 7.833162 7.682973 7.866228 7.692338 7.687763 7.7227 7.862344 7.71778 7.677103 7.677299 7.69618 7.874667 7.731079 7.688775 7.698577 7.837083 7.813007 7.613526 7.590872 7.585671 7.721152 7.721447 7.66199 7.492615 7.43809 7.424977 7.553123 7.572017 7.545574 7.519101 7.516062 7.466545 7.440305 7.414417 7.336589 7.187768 7.375216 7.587619 7.623749 7.598481 7.573178 7.54821 7.52336 7.498674 7.474216 7.44997 7.426165 7.31119 7.017806 6.825404 6.973785 6.808351 6.721507
7.31771 7.298133 7.333785 7.409843 7.585443 7.627471 7.653732 7.679816 7.705832 7.723553 7.580509 7.760136 7.830937 7.990447 7.670298 7.833777 7.693354 7.686852 7.709986 7.85488 7.890306 7.892651 7.719593 7.677112 7.67732 7.677465 7.737994 7.879735 7.723788 7.859001 7.868014 7.697893 7.628447 7.6026 7.575213 7.549919 7.543833 7.676884 7.676335 7.637305 7.572419 7.407516 7.570707 7.555305 7.528687 7.50231 7.476065 7.449711 7.411161 7.397858 7.358456 7.387633 7.424489 7.618972 7.607699 7.582458 7.557414 7.509733 7.475283 7.460388 7.458843 7.413039 7.159223 6.871808 6.839684 7.032342 6.964244 6.745884
7.26273 7.300595 7.359806 7.523451 7.591587 7.617916 7.644134 7.67032 7.69634 7.709522 7.532413 7.745317 7.796724 7.792167 7.63996 7.676117 7.841285 7.881197 7.887106 7.900513 7.900192 7.900447 7.860965 7.688782 7.677314 7.67732 7.677246 7.728974 7.869241 7.887448 7.883927 7.856862 7.833155 7.810051 7.785575 7.75847 7.673296 7.521014 7.685061 7.670924 7.62533 7.446251 7.584302 7.564979 7.538396 7.51204 7.485405 7.404704 7.245803 7.398276 7.381105 7.397096 7.397849 7.622608 7.61693 7.591681 7.536386 7.306615 7.236599 7.249012 7.452042 7.419624 7.129692 6.894854 7.016559 7.051105 6.969228 6.75283
7.306918 7.456849 7.517199 7.556038 7.582248 7.608409 7.634593 7.66092 7.686939 7.704305 7.556003 7.745593 7.7815 7.633747 7.789504 7.674793 7.858357 7.895405 7.900359 7.927336 7.900394 7.900286 7.860873 7.688929 7.677305 7.6773 7.720043 7.871017 7.858753 7.705384 7.848956 7.693758 7.637903 7.613175 7.608064 7.729947 7.557007 7.676704 7.705475 7.670314 7.642369 7.618191 7.601452 7.574606 7.54809 7.521723 7.475452 7.275012 7.24455 7.406919 7.390309 7.365092 7.443188 7.638483 7.626227 7.600915 7.547453 7.334269 7.413097 7.250798 7.417163 7.437219 7.171448 7.083126 7.082733 7.04027 6.831785 6.744308
7.431377 7.306651 7.345251 7.496422 7.555983 7.599125 7.604712 7.65055 7.677608 7.703358 7.715498 7.754329 7.767455 7.589838 7.80712 7.835933 7.869221 7.888736 7.92673 8.121138 7.932703 7.854845 7.71213 7.677132 7.67716 7.721141 7.858808 7.894753 7.717361 7.871238 7.71889 7.66329 7.667323 7.7896 7.753014 7.592418 7.711625 7.740078 7.67132 7.500944 7.449799 7.452563 7.602625 7.571586 7.557818 7.53142 7.485799 7.30239 7.408139 7.425981 7.399822 7.391943 7.599052 7.661263 7.635616 7.610092 7.585098 7.538507 7.531271 7.424415 7.248746 7.443983 7.181651 7.114359 7.089748 7.003983 6.796976 6.751493
7.246563 7.269154 7.285226 7.322173 7.388581 7.525254 7.419715 7.577012 7.667108 7.694013 7.719619 7.745045 7.75801 7.578486 7.79646 7.840433 7.862033 7.904953 7.900177 7.929264 7.849561 7.703928 7.686016 7.676933 7.689361 7.856743 7.707888 7.891481 7.711873 7.687923 7.682884 7.834532 7.849768 7.84457 7.821637 7.777766 7.774298 7.735316 7.540363 7.479974 7.630863 7.637469 7.576638 7.407331 7.558863 7.541039 7.514717 7.472493 7.461815 7.435611 7.409158 7.383478 7.459146 7.658442 7.645092 7.600069 7.593656 7.568539 7.543664 7.465903 7.213684 7.44862 7.187531 7.144701 7.073602 6.862706 6.78171 6.75788
7.391027 7.444606 7.284051 7.342315 7.51265 7.385268 7.569898 7.446521 7.638463 7.684544 7.710265 7.735836 7.749282 7.570179 7.788127 7.812262 7.889878 8.093923 7.917446 7.885777 7.708087 7.685084 7.855855 7.724125 7.720953 7.891282 7.883558 7.900363 7.855754 7.71025 7.72244 7.906937 7.87328 7.851902 7.829953 7.80685 7.783169 7.742433 7.548783 7.483606 7.489866 7.611 7.442071 7.410052 7.570432 7.537455 7.524199 7.497756 7.471388 7.445007 7.418788 7.39271 7.404486 7.658563 7.632536 7.411083 7.541461 7.575946 7.550773 7.493109 7.269221 7.413627 7.232978 7.336426 7.109397 6.841712 6.787405 6.763444
