hazard/palu_koro_6.5_shakemap.asc
ncols         382
nrows         436
xllcorner     118.75757142431
yllcorner     -2.9166665
cellsize      0.00833
NODATA_value  -9999
[rows 210 to 239 of 436, columns 272 to 339 of 382]
-9999 -9999 -9999 -9999 -9999 -9999 -9999 -9999 -9999 -9999 -9999 -9999 -9999 -9999 -9999 -9999 -9999 -9999 -9999 -9999 -9999 -9999 -9999 -9999 -9999 -9999 -9999 -9999 -9999 -9999 -9999 -9999 -9999 -9999 -9999 -9999 -9999 -9999 -9999 -9999 -9999 -9999 4.950546 -9999 4.862428 4.962649 4.974379 4.969892 4.965458 4.967365 4.939891 4.832967 4.827985 4.928175 4.939077 4.934726 4.930406 4.926104 4.92181 4.917531 4.913273 4.909091 4.888054 4.782938 4.885085 4.882415 4.762018 4.753376
-9999 -9999 -9999 -9999 -9999 -9999 -9999 -9999 -9999 -9999 -9999 -9999 -9999 -9999 -9999 -9999 -9999 -9999 -9999 -9999 -9999 -9999 -9999 -9999 -9999 -9999 -9999 -9999 -9999 -9999 -9999 -9999 -9999 -9999 -9999 -9999 -9999 -9999 -9999 -9999 4.872846 4.868337 4.86443 4.86155 4.856434 4.968764 4.976015 4.971526 4.967059 4.971847 4.972057 4.950332 4.945321 4.945042 4.94065 4.936292 4.931974 4.927667 4.923371 4.919087 4.914824 4.910584 4.902013 4.782116 4.779919 4.892011 4.76406 4.754887
-9999 -9999 -9999 -9999 -9999 -9999 -9999 -9999 -9999 -9999 -9999 -9999 -9999 -9999 -9999 -9999 -9999 -9999 -9999 -9999 -9999 -9999 -9999 -9999 -9999 -9999 -9999 -9999 -9999 -9999 -9999 -9999 -9999 -9999 -9999 -9999 -9999 -9999 -9999 4.879011 4.874393 4.869806 4.865229 4.860684 4.856148 4.865416 4.964543 4.969303 4.968684 4.964237 4.965366 4.955398 4.950994 4.946608 4.943149 4.957925 4.93375 4.92923 4.924936 4.920646 4.916377 4.912124 4.908017 4.884968 4.77113 4.881422 4.765296 4.756404
-9999 -9999 -9999 -9999 -9999 -9999 -9999 -9999 -9999 -9999 -9999 -9999 -9999 -9999 -9999 -9999 -9999 -9999 -9999 -9999 -9999 -9999 -9999 -9999 -9999 -9999 -9999 -9999 -9999 -9999 -9999 -9999 -9999 -9999 -9999 -9999 -9999 -9999 4.885342 4.880684 4.87607 4.871473 4.873307 4.862326 4.8578 4.853258 4.850272 4.857157 4.96618 4.965855 4.961418 4.957357 4.956627 4.966965 5.020394 5.156614 5.001966 4.930974 4.926497 4.922207 4.917931 4.913678 4.905526 4.788143 4.770411 4.770036 4.762078 4.757926
-9999 -9999 -9999 -9999 -9999 -9999 -9999 -9999 -9999 -9999 -9999 -9999 -9999 -9999 -9999 -9999 -9999 -9999 -9999 -9999 -9999 -9999 -9999 -9999 -9999 -9999 -9999 -9999 -9999 -9999 -9999 -9999 -9999 -9999 -9999 -9999 -9999 4.894289 4.886997 4.88237 4.877741 4.87842 4.991018 4.870739 4.859429 4.85489 4.863495 4.96151 4.971945 4.967476 4.963032 4.958602 4.95419 4.950409 4.974528 5.172887 5.16178 4.95363 4.928035 4.923769 4.919488 4.915229 4.906964 4.789341 4.771945 4.771843 4.768231 4.759428
-9999 -9999 -9999 -9999 -9999 -9999 -9999 -9999 -9999 -9999 -9999 -9999 -9999 -9999 -9999 -9999 -9999 -9999 -9999 -9999 -9999 -9999 -9999 -9999 -9999 -9999 -9999 -9999 -9999 -9999 -9999 -9999 -9999 -9999 -9999 -9999 5.040593 4.899898 4.888682 4.884008 4.886838 4.874801 4.875101 4.865626 4.864648 4.869682 4.968275 4.978097 4.973568 4.9691 4.964651 4.96021 4.955823 4.95139 4.947083 5.006419 5.14651 4.954564 4.929611 4.925333 4.921047 4.916777 4.91258 4.892009 4.77573 4.888087 4.883176 4.766448
-9999 -9999 -9999 -9999 -9999 -9999 -9999 -9999 -9999 -9999 -9999 -9999 -9999 -9999 -9999 -9999 -9999 -9999 -9999 -9999 -9999 -9999 -9999 -9999 -9999 -9999 -9999 -9999 -9999 -9999 -9999 -9999 -9999 -9999 -9999 -9999 4.924564 4.89495 4.890362 4.912693 5.013874 4.882349 4.874207 4.880876 4.980812 4.972423 4.861803 4.974534 4.975199 4.970726 4.966267 4.96189 4.99173 4.95314 4.9486 4.944273 4.958857 4.935523 4.931211 4.926901 4.922608 4.918331 4.914077 4.9061 4.777051 4.774627 4.770917 4.762417
-9999 -9999 -9999 -9999 -9999 -9999 -9999 -9999 -9999 -9999 -9999 -9999 -9999 -9999 -9999 -9999 -9999 -9999 -9999 -9999 -9999 -9999 -9999 -9999 -9999 -9999 -9999 -9999 -9999 -9999 -9999 -9999 -9999 -9999 -9999 4.933878 4.901325 4.896769 4.8993 5.028762 4.906515 4.889594 4.990589 4.996053 4.99496 4.990432 4.979628 4.981338 4.976833 4.972353 4.9679 4.995755 5.207088 4.989802 4.95018 4.94578 4.941463 4.931841 4.932789 4.928468 4.924164 4.919874 4.915603 4.907672 4.77984 4.772324 4.768104 4.763891
-9999 -9999 -9999 -9999 -9999 -9999 -9999 -9999 -9999 -9999 -9999 -9999 -9999 -9999 -9999 -9999 -9999 -9999 -9999 -9999 -9999 -9999 -9999 -9999 -9999 -9999 -9999 -9999 -9999 -9999 -9999 -9999 -9999 -9999 4.919456 4.907825 4.903173 4.898466 4.902452 4.894913 4.886745 5.004064 5.009446 4.997924 4.996586 4.992033 4.987502 4.982977 4.97847 4.973985 4.969514 4.965105 4.993885 4.956236 4.951803 4.980175 4.935984 4.818595 4.930288 4.930019 4.9257 4.921396 4.91711 4.909058 4.792101 4.773718 4.76956 4.765335
-9999 -9999 -9999 -9999 -9999 -9999 -9999 -9999 -9999 -9999 -9999 -9999 -9999 -9999 -9999 -9999 -9999 -9999 -9999 -9999 -9999 -9999 -9999 -9999 -9999 -9999 -9999 -9999 -9999 -9999 -9999 -9999 -9999 4.921025 4.91434 4.909606 4.904895 4.909649 5.045357 4.89878 4.888784 5.021228 5.013607 5.002097 4.998254 4.993694 4.989152 4.984626 4.980114 4.975622 4.971146 4.96668 4.962255 4.957819 4.972427 5.185225 4.973791 4.822665 4.927184 4.931546 4.927215 4.922896 4.918592 4.914347 4.895185 4.789689 4.770917 4.766756
-9999 -9999 -9999 -9999 -9999 -9999 -9999 -9999 -9999 -9999 -9999 -9999 -9999 -9999 -9999 -9999 -9999 -9999 -9999 -9999 -9999 -9999 -9999 -9999 -9999 -9999 -9999 -9999 -9999 -9999 -9999 -9999 -9999 4.928428 4.926131 4.921567 4.906497 4.901896 4.903737 4.896259 4.905475 5.025612 5.017842 5.002908 4.996497 4.991477 4.987546 4.983201 4.978514 4.973798 4.972789 4.968307 4.963856 4.954382 4.839846 4.958579 4.946566 4.928707 4.879658 4.932088 4.928708 4.924376 4.920058 4.915751 4.911539 4.892743 4.787191 4.768106
-9999 -9999 -9999 -9999 -9999 -9999 -9999 -9999 -9999 -9999 -9999 -9999 -9999 -9999 -9999 -9999 -9999 -9999 -9999 -9999 -9999 -9999 -9999 -9999 -9999 -9999 -9999 -9999 -9999 -9999 -9999 -9999 -9999 4.928489 5.083044 5.083331 4.94286 4.903485 4.920947 5.035001 5.039498 5.033646 5.017044 4.890478 4.872485 4.869004 4.863656 4.860267 4.855585 4.859903 4.96084 4.966752 4.965465 4.956618 4.835249 4.832088 4.930571 4.962519 5.144604 4.963131 4.93023 4.925824 4.921501 4.917181 4.912879 4.908674 4.889985 4.773196
-9999 -9999 -9999 -9999 -9999 -9999 -9999 -9999 -9999 -9999 -9999 -9999 -9999 -9999 -9999 -9999 -9999 -9999 -9999 -9999 -9999 -9999 -9999 -9999 -9999 -9999 -9999 -9999 -9999 -9999 -9999 -9999 4.939239 4.923799 4.961098 5.09087 5.059395 4.909925 5.045329 5.061151 5.049488 5.037959 5.007967 4.880885 4.876608 4.98997 4.869651 4.859041 4.85451 4.854072 4.847539 4.853604 4.953958 4.962574 4.942342 4.823664 4.820335 4.818949 4.876537 4.924397 4.930638 4.947405 4.922917 4.91859 4.914275 4.909981 4.902019 4.785172
-9999 -9999 -9999 -9999 -9999 -9999 -9999 -9999 -9999 -9999 -9999 -9999 -9999 -9999 -9999 -9999 -9999 -9999 -9999 -9999 -9999 -9999 -9999 -9999 -9999 -9999 -9999 -9999 -9999 -9999 -9999 5.11447 4.937456 4.975209 5.104107 4.958837 4.918071 4.906756 4.925386 5.043826 5.053707 5.037181 4.902799 4.878943 4.874417 4.875434 4.865229 4.860674 4.861484 4.973853 4.852981 4.842516 4.851261 4.952561 4.957587 4.827146 4.936619 4.944222 4.927069 4.817998 4.866472 5.11156 4.94526 4.919953 4.915641 4.911335 4.907084 4.887668
-9999 -9999 -9999 -9999 -9999 -9999 -9999 -9999 -9999 -9999 -9999 -9999 -9999 -9999 -9999 -9999 -9999 -9999 -9999 -9999 -9999 -9999 -9999 -9999 -9999 -9999 -9999 -9999 -9999 -9999 -9999 4.971292 4.942564 5.116415 4.94866 5.084052 5.071134 4.937759 4.903916 4.918323 5.036276 5.026547 4.89132 4.880672 4.882951 4.871379 4.866845 4.862264 4.857689 4.859012 4.848579 4.844062 4.839537 4.848351 4.94697 4.829257 4.825224 4.821537 4.816325 4.808325 4.804564 4.86641 4.924979 4.921349 4.939376 4.912664 4.90836 4.904103
-9999 -9999 -9999 -9999 -9999 -9999 -9999 -9999 -9999 -9999 -9999 -9999 -9999 -9999 -9999 -9999 -9999 -9999 -9999 -9999 -9999 -9999 -9999 -9999 -9999 -9999 -9999 -9999 -9999 -9999 4.952286 4.952419 4.934349 4.96498 5.09372 5.121498 5.109901 5.07054 4.937697 4.907417 4.899921 4.894359 4.88697 4.888218 5.006943 4.897462 4.868343 4.863825 4.859239 4.854667 4.850109 4.84557 4.841036 4.840776 4.835357 4.827537 4.823079 4.818624 4.814182 4.809754 4.805348 4.805654 4.922472 4.945282 5.122818 4.937222 4.909668 4.905359
-9999 -9999 -9999 -9999 -9999 -9999 -9999 -9999 -9999 -9999 -9999 -9999 -9999 -9999 -9999 -9999 -9999 -9999 -9999 -9999 -9999 -9999 -9999 -9999 -9999 -9999 -9999 -9999 4.955876 4.950905 5.006995 5.141116 4.950436 4.966387 5.128381 5.125681 5.11386 5.097406 5.08534 5.073094 5.04273 4.923635 4.888464 4.8839 4.900536 5.001151 4.892377 4.865283 4.860761 4.856175 4.856807 4.847036 4.847404 4.96016 4.839597 4.828957 4.824493 4.820023 4.820477 4.81579 4.806689 4.804712 4.925031 4.924045 4.941293 4.915285 4.910958 4.906649
-9999 -9999 -9999 -9999 -9999 -9999 -9999 -9999 -9999 -9999 -9999 -9999 -9999 -9999 -9999 -9999 -9999 -9999 -9999 -9999 -9999 -9999 -9999 -9999 -9999 -9999 -9999 4.962527 4.957453 4.97125 5.156655 4.995362 4.971714 5.120475 5.135623 5.117926 5.085797 4.951835 4.916563 4.912437 4.924049 5.047123 4.922487 4.885338 4.880771 4.895554 4.993935 4.888939 4.862178 4.861437 4.971596 4.851951 4.848409 4.84384 4.834858 4.834745 4.825832 4.825738 4.936959 4.930161 4.812654 4.805764 4.926785 4.925322 4.920939 4.916577 4.912234 4.902731
-9999 -9999 -9999 -9999 -9999 -9999 -9999 -9999 -9999 -9999 -9999 -9999 -9999 -9999 -9999 -9999 -9999 -9999 -9999 -9999 -9999 -9999 -9999 -9999 -9999 -9999 -9999 4.964191 4.984591 4.953651 4.960014 4.981614 5.131961 5.129626 4.969877 4.93429 4.951799 5.088751 4.923268 4.905732 4.908463 4.917176 5.034993 4.8951 4.882302 4.87764 4.892076 4.991058 4.869452 4.862408 4.972836 4.852762 4.966856 4.844724 4.84932 4.946946 4.843568 4.822683 4.822693 4.818089 4.809348 4.807513 4.928066 4.926602 4.922211 4.917836 4.913479 4.904016
-9999 -9999 -9999 -9999 -9999 -9999 -9999 -9999 -9999 -9999 -9999 -9999 -9999 -9999 -9999 -9999 -9999 -9999 -9999 -9999 -9999 -9999 -9999 -9999 -9999 5.18922 4.983755 4.985123 5.185106 5.019824 5.144777 5.171098 5.16556 4.996869 4.943101 4.936798 4.92804 4.927043 4.912213 4.947053 5.062257 4.928034 5.038648 4.914307 4.890238 4.879132 4.874471 4.875522 4.865171 4.860559 4.860742 4.851326 4.850336 4.854443 4.954657 4.963711 4.946423 4.828077 4.819581 4.815108 4.810617 4.819645 4.9297 4.927859 4.923456 4.91907 4.914695 4.910396
-9999 -9999 -9999 -9999 -9999 -9999 -9999 -9999 -9999 -9999 -9999 -9999 -9999 -9999 -9999 -9999 -9999 -9999 -9999 -9999 -9999 -9999 -9999 -9999 5.260181 5.067779 4.991306 4.966712 5.023124 5.167508 5.203685 5.19149 5.170461 5.160089 5.150202 5.13314 5.084351 4.925208 4.950364 5.080291 4.943247 5.055595 4.924397 5.033942 5.016184 4.887769 4.875934 4.87127 4.866611 4.86197 4.85734 4.852718 4.864984 4.961671 4.969509 4.965038 4.947719 4.829406 4.820873 4.820119 4.825803 4.926439 4.929165 4.929093 4.924679 4.920281 4.915894 4.911527
-9999 -9999 -9999 -9999 -9999 -9999 -9999 -9999 -9999 -9999 -9999 -9999 -9999 -9999 -9999 -9999 -9999 -9999 -9999 -9999 -9999 -9999 -9999 -9999 5.283404 5.2496 5.205382 5.054674 5.18879 5.220357 5.208153 5.178651 4.991239 4.98261 5.113757 4.976948 4.933184 4.927581 5.081887 4.948836 4.905491 4.910823 4.896141 4.89856 4.892511 4.882057 4.877371 4.872684 4.868009 4.863354 4.858714 4.859308 4.972074 4.861527 4.958258 4.952287 4.846296 4.826612 4.825438 4.936898 4.941799 4.934894 4.813089 4.925012 4.925879 4.92147 4.917072 4.912693
-9999 -9999 -9999 -9999 -9999 -9999 -9999 -9999 -9999 -9999 -9999 -9999 -9999 -9999 -9999 -9999 -9999 -9999 -9999 -9999 -9999 -9999 -9999 5.263618 5.259708 5.033538 5.203412 5.232198 5.219194 5.201762 5.187424 5.157479 4.999717 4.941057 4.947201 4.931383 4.937204 4.964889 5.107983 4.926836 4.907265 4.902521 4.89774 4.892972 4.888216 4.88348 4.87877 4.874069 4.86938 4.864712 4.860059 4.855417 4.856546 4.846117 4.843351 4.839576 4.832435 4.827926 4.826842 4.938671 4.94313 4.938791 4.933401 4.931507 4.927057 4.922636 4.918227 4.913837
-9999 -9999 -9999 -9999 -9999 -9999 -9999 -9999 -9999 -9999 -9999 -9999 -9999 -9999 -9999 -9999 -9999 -9999 -9999 -9999 -9999 -9999 -9999 5.048489 5.270449 5.197778 5.035819 4.989347 4.979127 4.972565 4.967367 4.996964 5.156438 4.963316 4.937956 4.942934 5.101133 5.125089 5.115788 4.926661 4.908753 4.903969 4.899172 4.894389 4.889614 4.893748 4.880116 4.875426 4.87072 4.866043 4.861378 4.856724 4.852087 4.847458 4.861922 4.960286 4.840147 4.829152 4.82462 4.823822 4.818892 4.814191 4.820483 4.919552 4.928226 4.92378 4.91936 4.914959
-9999 -9999 -9999 -9999 -9999 -9999 -9999 -9999 -9999 -9999 -9999 -9999 -9999 -9999 -9999 -9999 -9999 -9999 -9999 -9999 -9999 -9999 5.321948 5.275104 5.268787 5.283058 5.246984 5.225403 5.213928 5.199114 5.150899 4.989152 4.961029 4.953564 4.953621 4.943201 4.938799 4.961099 5.079795 4.925349 4.910194 4.905385 4.900572 4.895777 4.898656 5.025592 4.890857 4.876738 4.878418 4.867328 4.862669 4.858004 4.853357 4.853966 4.967193 4.861498 4.834877 4.830366 4.825818 4.821277 4.816759 4.812255 4.807754 4.816341 4.91631 4.924916 4.920475 4.916062
-9999 -9999 -9999 -9999 -9999 -9999 -9999 -9999 -9999 -9999 -9999 -9999 -9999 -9999 -9999 -9999 -9999 -9999 -9999 -9999 -9999 -9999 5.326016 5.27355 5.045029 5.257481 5.274612 5.261889 5.249198 5.236727 5.223152 5.153742 5.008623 5.140954 5.159551 5.116486 4.937304 4.933264 4.927596 4.916418 4.911598 4.90677 4.901945 4.897134 4.892336 4.895877 4.882785 4.883351 4.996347 4.875041 4.863927 4.859257 4.854599 4.849955 4.85029 4.840677 4.836124 4.83155 4.826989 4.822441 4.817912 4.813399 4.808899 4.804398 4.813312 4.913438 4.91868 4.913922
-9999 -9999 -9999 -9999 -9999 -9999 -9999 -9999 -9999 -9999 -9999 -9999 -9999 -9999 -9999 -9999 -9999 -9999 -9999 -9999 -9999 -9999 5.29658 5.3171 5.26831 5.291422 5.278634 5.243929 5.232833 5.240303 5.227729 5.215244 5.191278 5.183014 5.178843 5.120368 4.939952 5.104636 5.09024 4.928389 4.927418 4.908089 4.903287 4.898466 4.893654 4.888863 4.884094 4.879338 4.87935 4.873605 4.865157 4.860484 4.855814 4.851155 4.851995 4.841876 4.837294 4.832707 4.828135 4.823576 4.819036 4.814513 4.810005 4.805507 4.801017 4.799963 4.795335 4.790583
-9999 -9999 -9999 -9999 -9999 -9999 -9999 -9999 -9999 -9999 -9999 -9999 -9999 -9999 -9999 -9999 -9999 -9999 -9999 -9999 -9999 -9999 5.072126 5.293872 5.308329 5.295348 5.211156 5.028783 5.037364 5.227674 5.231413 5.219054 5.190494 5.011879 5.123771 4.979691 4.933632 4.941155 4.934667 4.930114 5.087128 4.925464 4.904589 4.899766 4.894943 4.890141 4.885357 4.880588 4.879133 4.987247 4.871313 4.861676 4.857001 4.857703 4.970145 4.849935 4.838429 4.833834 4.829256 4.824686 4.820136 4.815602 4.811084 4.806578 4.802091 4.797618 4.793158 4.788718
-9999 -9999 -9999 -9999 -9999 -9999 -9999 -9999 -9999 -9999 -9999 -9999 -9999 -9999 -9999 -9999 -9999 -9999 -9999 -9999 -9999 5.298315 5.090262 5.299286 5.312153 5.27753 5.067744 4.98784 5.171887 5.226633 5.21713 5.201935 5.151881 4.963375 4.954673 4.940323 4.953059 4.930341 4.925459 4.920544 4.930158 4.910717 4.905873 4.901029 4.8962 4.891387 4.886584 4.881803 4.880872 4.990994 4.872768 4.862848 4.858158 4.853486 4.854778 4.844164 4.839551 4.839877 4.830334 4.825766 4.82121 4.816667 4.812139 4.807622 4.803126 4.798646 4.794178 4.789729
-9999 -9999 -9999 -9999 -9999 -9999 -9999 -9999 -9999 -9999 -9999 -9999 -9999 -9999 -9999 -9999 -9999 -9999 -9999 -9999 -9999 5.354535 5.307933 5.328902 5.315974 5.302484 5.220491 5.041672 4.989316 4.987791 4.986102 4.98123 4.970446 4.951632 4.946642 5.004699 5.13546 4.951819 4.926768 4.921845 4.916916 4.912013 4.917667 4.911737 4.897339 4.892601 4.895096 4.889038 4.878203 4.87815 4.868708 4.864 4.865568 4.85459 4.849937 4.845281 4.844331 4.953041 4.834681 4.832568 4.822242 4.817706 4.813169 4.808643 4.804137 4.799648 4.79517 4.790712
