hazard/palu_koro_6.5_shakemap.asc
ncols         382
nrows         436
xllcorner     118.75757142431
yllcorner     -2.9166665
cellsize      0.00833
NODATA_value  -9999
[rows 270 to 299 of 436, columns 272 to 339 of 382]
5.441223 5.696118 5.710347 5.694914 5.65932 5.431083 5.356739 5.323929 5.316093 5.572202 5.588589 5.57375 5.558943 5.544197 5.529665 5.515099 5.456982 5.220666 5.297391 5.672761 5.482066 5.428947 5.415118 5.401134 5.387233 5.373323 5.35957 5.345867 5.332228 5.318599 5.305041 5.291537 5.278165 5.264698 5.221409 5.238258 5.225103 5.211981 5.198983 5.186123 5.16072 5.144029 5.130657 5.118717 5.111166 5.109238 5.086196 5.084004 5.0663 5.054412 4.919398 4.884915 4.894109 5.0075 4.874201 4.867297 4.979291 4.985931 4.979046 4.965656 4.857893 4.840163 4.83494 4.830524 4.822731 4.818078 4.81343 4.813488
5.495817 5.707186 5.711232 5.658031 5.680346 5.644178 5.610237 5.545384 5.388526 5.584577 5.589413 5.574543 5.55974 5.545022 5.530427 5.514128 5.393759 5.172368 5.39339 5.481874 5.444153 5.429833 5.415798 5.401805 5.387866 5.374062 5.360047 5.323402 5.301165 5.296418 5.305661 5.292217 5.278735 5.265398 5.252061 5.238878 5.225655 5.212536 5.199481 5.186496 5.173558 5.160687 5.147872 5.135099 5.122494 5.102403 5.089106 5.05584 4.930091 5.041637 5.026898 4.904524 4.894494 5.007913 4.87442 4.868692 4.989785 4.872544 4.855382 4.850135 4.841746 4.837038 4.835175 4.830172 4.825617 4.823386 4.813522 4.808957
5.721824 5.727996 5.668424 5.427974 5.647464 5.665742 5.650689 5.634762 5.597065 5.605103 5.590123 5.575218 5.560412 5.545705 5.531425 5.475032 5.230836 5.215019 5.440946 5.458868 5.444602 5.43046 5.41638 5.402372 5.388517 5.372978 5.286676 5.100239 5.045032 5.072495 5.239733 5.292366 5.279311 5.265863 5.252617 5.239326 5.226165 5.213016 5.19995 5.186942 5.174001 5.161147 5.148489 5.125209 5.086833 4.948779 4.920106 4.911619 4.900236 4.901561 4.908145 5.020878 5.020387 4.997706 4.873152 4.881608 4.980501 4.860875 4.851464 4.846698 4.841936 4.840246 4.950509 4.95474 4.949732 4.966322 4.835698 4.808982
5.72292 5.728473 5.712811 5.656714 5.681632 5.666376 5.651041 5.635901 5.62072 5.605703 5.590666 5.575776 5.560967 5.546373 5.527695 5.410326 5.18784 5.390616 5.473084 5.459527 5.445067 5.43094 5.416853 5.402881 5.388608 5.301114 5.105628 5.022008 5.007153 4.999608 5.057087 5.229231 5.279574 5.26652 5.252209 5.21046 5.226535 5.213427 5.200334 5.187364 5.174533 5.14899 5.107462 4.964662 4.930262 4.915517 4.910593 4.905571 4.900565 4.895576 4.895435 5.033677 5.009396 4.891756 4.873809 4.98874 4.881564 4.856317 4.856455 4.846808 4.842058 4.850748 4.960194 4.958452 4.985595 5.187141 4.961786 4.813166
5.506472 5.644945 5.713171 5.697711 5.682223 5.6668 5.651527 5.636349 5.596765 5.606134 5.591135 5.576211 5.561515 5.544153 5.445532 5.239587 5.23206 5.453695 5.474387 5.498141 5.445807 5.431266 5.417226 5.403318 5.363371 5.129511 5.036168 5.021404 5.007777 4.99949 4.994037 5.050989 5.241679 5.295676 5.188837 5.004311 5.201636 5.213701 5.200689 5.187646 5.131516 4.979743 4.942229 4.925774 4.920828 4.915766 4.910712 4.915691 4.900635 4.895685 4.895541 5.016593 4.901093 4.875803 4.875124 4.870849 4.861271 4.86015 4.970304 4.851 4.844578 4.955744 4.963179 4.958464 4.954178 4.982747 4.926923 4.811065
5.47434 5.454189 5.685726 5.697989 5.682533 5.667153 5.651934 5.605698 5.390481 5.579563 5.591421 5.576635 5.559647 5.466201 5.263571 5.203098 5.410095 5.488199 5.510157 5.733476 5.490077 5.431625 5.41747 5.403608 5.355134 5.091138 5.034701 5.021722 5.033189 5.030828 5.008987 4.991913 5.149508 5.473477 5.120349 5.194894 5.227121 5.214033 5.200922 5.143033 4.984076 4.936112 4.931116 4.926016 4.920918 4.915845 4.919224 5.060827 4.911805 4.89573 4.890789 4.891865 4.88086 4.894082 4.991323 4.871905 4.861403 4.87205 4.970854 4.849762 4.854967 4.957874 4.960536 4.955421 4.939148 4.837644 4.816877 4.809362
5.652296 5.485169 5.690206 5.698202 5.682738 5.667363 5.652145 5.588181 5.31764 5.515245 5.591845 5.577185 5.4847 5.283503 5.206234 5.259497 5.474541 5.488834 5.50338 5.715275 5.484599 5.431691 5.417614 5.403723 5.364782 5.126513 5.035044 5.040775 5.254338 5.285931 5.219697 5.00575 5.004093 5.166674 5.001059 5.215586 5.227808 5.198109 5.149158 4.992301 4.941419 4.936313 4.931177 4.926055 4.920959 4.915887 4.919473 5.065362 4.933324 4.89568 4.890829 4.885873 4.885053 5.000301 4.890746 4.866209 4.865182 4.976326 4.864574 4.858149 4.959307 4.851845 4.83599 4.831254 4.82597 4.818639 4.814033 4.809401
5.743931 5.702237 5.713863 5.6983 5.682797 5.667428 5.652299 5.59197 5.314741 5.344477 5.576386 5.55165 5.312711 5.221074 5.265131 5.443596 5.502917 5.492075 5.510162 5.482496 5.445517 5.431701 5.417656 5.40368 5.389207 5.263474 5.049055 5.045322 5.299359 5.321226 5.283714 5.076781 5.010679 4.987916 4.980018 5.17176 5.166636 5.01178 4.966993 4.946521 4.941485 4.936327 4.931175 4.943882 4.920938 4.91589 4.91076 4.936045 5.053294 4.905093 4.890821 4.885878 4.89857 5.00017 4.876803 4.866286 4.865262 4.975985 4.865202 4.964933 4.971382 4.841228 4.832766 4.828067 4.826908 4.822029 4.817008 4.812997
5.745197 5.729424 5.713803 5.698199 5.682743 5.667353 5.652173 5.606111 5.359633 5.301719 5.573502 5.499056 5.255937 5.275897 5.456444 5.516444 5.50666 5.614925 5.787655 5.695469 5.476034 5.431523 5.417536 5.403935 5.368504 5.154461 5.034888 5.03432 5.253084 5.320885 5.30757 5.281779 5.256341 5.193608 5.029192 4.985503 4.971847 4.956912 4.951829 4.946648 4.941464 4.936302 4.947563 5.112757 4.93998 4.915848 4.9194 5.061219 5.0563 4.904881 4.890797 4.890373 5.009196 4.895603 4.871069 4.866275 4.861425 4.872973 4.970267 4.976336 4.971235 4.841207 4.832757 4.832125 4.940886 4.947134 4.941066 4.937998
5.744923 5.729209 5.713575 5.698034 5.682476 5.667196 5.651894 5.635684 5.520716 5.297417 5.564494 5.339027 5.244215 5.45934 5.531305 5.517629 5.541862 5.781582 5.603574 5.495048 5.487317 5.431333 5.417389 5.45377 5.392416 5.277494 5.104718 5.050279 5.106678 5.32535 5.285191 5.079945 5.005799 5.048398 5.206735 5.222325 5.170833 5.019181 4.972396 4.946521 4.9414 4.936239 4.931088 4.94361 4.920853 4.915807 4.910753 4.91502 4.909011 4.895691 4.890759 4.89076 5.021382 4.88231 4.871077 4.866224 4.861379 4.856524 4.854867 4.86012 4.970972 4.854817 4.83265 4.827998 4.83657 4.946455 4.972456 4.93145
5.74456 5.728892 5.713226 5.697719 5.645875 5.666017 5.651685 5.637147 5.569211 5.298998 5.486927 5.276803 5.254115 5.510531 5.531908 5.517241 5.53193 5.526233 5.476572 5.49777 5.732349 5.476213 5.453443 5.690323 5.411612 5.131384 5.302071 5.313323 5.34258 5.567664 5.352482 5.215521 5.04941 5.229722 5.057094 4.986939 5.007813 5.174956 5.148052 4.965344 4.941291 4.936143 4.931001 4.925884 4.920786 4.915719 4.910667 4.905628 4.900616 4.89563 4.890672 4.890617 5.021175 4.882164 4.870997 4.866141 4.861298 4.856468 4.854657 4.858847 4.964333 4.953833 4.837801 4.827915 4.827823 4.9786 5.146464 4.888376
5.744106 5.727814 5.670907 5.66252 5.417377 5.576342 5.622371 5.636686 5.581891 5.304816 5.285659 5.249237 5.259609 5.517041 5.531512 5.548174 5.765124 5.53019 5.473047 5.459418 5.470438 5.431106 5.457499 5.449745 5.336142 5.068438 5.272813 5.347233 5.392227 5.655848 5.381143 5.292047 5.217048 5.055728 5.21944 5.17181 5.019533 4.976719 4.967627 4.946302 4.941169 4.93601 4.930863 4.943206 4.920632 4.915591 4.910543 4.905509 4.909564 4.902957 4.890524 4.889489 5.006215 4.881633 4.870887 4.866029 4.861185 4.859908 4.972984 4.96474 4.858222 4.841532 4.832512 4.827782 4.837582 4.934147 4.892608 4.811529
5.74312 5.682985 5.445295 5.674483 5.588263 5.393902 5.399734 5.56035 5.534379 5.30432 5.263566 5.248889 5.260876 5.51669 5.530971 5.551023 5.777416 5.533073 5.473625 5.4305 5.230309 5.401173 5.696472 5.466751 5.337385 5.061552 5.094715 5.314165 5.397596 5.665836 5.383627 5.266623 5.190917 4.99674 5.235518 5.009174 5.185384 4.982321 4.951315 4.946183 4.941002 4.935845 4.947 5.111741 4.93933 4.915421 4.910386 4.914052 5.05292 5.037037 4.897106 4.891582 4.884874 4.875613 4.870751 4.865886 4.861043 4.860098 4.980427 4.864482 4.841772 4.837118 4.832366 4.847208 4.946125 4.838376 4.813543 4.809045
5.742596 5.726383 5.67231 5.695962 5.638652 5.369359 5.32281 5.33234 5.317598 5.277883 5.263027 5.248187 5.26459 5.516985 5.530232 5.515801 5.544517 5.457923 5.472383 5.41725 5.144714 5.183139 5.437083 5.406142 5.334535 5.063184 5.054548 5.303683 5.394782 5.653046 5.351527 5.076866 4.997663 4.990588 5.228162 5.115966 4.995896 4.955954 4.951176 4.945981 4.940799 4.935642 4.930498 4.942607 4.920266 4.915237 4.910193 4.905167 4.908934 4.901793 4.895464 5.0229 4.888972 4.875444 4.870577 4.865714 4.860873 4.859714 4.968289 4.851377 4.841691 4.836936 4.84974 4.950878 4.842253 4.939994 4.819416 4.808881
5.74192 5.725959 5.710333 5.695323 5.644913 5.372211 5.322054 5.307249 5.292177 5.277176 5.262138 5.247605 5.308364 5.52442 5.529443 5.514801 5.468043 5.251092 5.454206 5.432889 5.184429 5.114346 5.327769 5.399101 5.288445 5.061281 5.097268 5.31699 5.368921 5.567059 5.328604 5.067529 4.980907 4.980184 5.170535 5.441827 5.115479 4.960134 4.950922 4.945738 4.94056 4.935408 4.930274 4.925162 4.935573 4.91496 4.909964 4.917215 4.899893 4.89496 4.895251 4.891757 4.880118 4.875248 4.870372 4.86551 4.860673 4.855851 4.855123 4.846254 4.841509 4.852023 4.950638 4.843127 4.82558 4.822368 4.813333 4.813837
5.784839 5.724927 5.709313 5.694326 5.639606 5.371624 5.321306 5.306319 5.291238 5.276146 5.261637 5.314352 5.488697 5.543115 5.528616 5.513673 5.446186 5.180353 5.430651 5.456972 5.350532 5.115099 5.14607 5.313462 5.12607 5.118309 5.285234 5.344662 5.302616 5.324221 5.303899 5.226653 5.04439 5.009533 5.166569 5.269126 5.1869 4.9721 4.950593 4.945453 4.940283 4.935136 4.930009 4.939526 5.098564 4.929107 4.918938 5.06611 4.911684 4.899126 5.02489 4.890912 4.879881 4.87501 4.870137 4.865277 4.860442 4.855624 4.856133 4.846031 4.844522 4.957173 4.960634 4.830039 4.944104 4.823947 4.813116 4.808497
5.782817 5.723706 5.708198 5.691402 5.595244 5.361196 5.32024 5.305202 5.290073 5.275068 5.328431 5.503321 5.55617 5.542171 5.555364 5.515748 5.440185 5.171787 5.380186 5.45573 5.402358 5.125346 5.086358 5.157293 5.321372 5.354693 5.357958 5.320164 5.090687 5.059183 5.225023 5.289363 5.248524 5.174708 5.014814 5.218418 5.20356 4.97673 4.950278 4.966951 4.939948 4.934828 4.929705 4.924589 4.932704 4.922494 4.909412 4.916715 4.899363 4.900453 5.042091 4.890071 4.885799 4.874722 4.86987 4.865015 4.860182 4.860707 4.972964 4.851714 4.843502 4.956135 4.950029 4.829527 4.827673 4.817535 4.818236 4.810519
5.738192 5.72235 5.70528 5.618884 5.423206 5.334627 5.319046 5.303886 5.28879 5.29908 5.508842 5.569932 5.555631 5.572863 5.775882 5.612534 5.449304 5.173516 5.208551 5.434672 5.412578 5.125972 5.117776 5.367972 5.353059 5.15694 5.316039 5.366556 5.236452 5.035171 5.040033 5.259929 5.329444 5.274329 5.231104 5.235866 5.209163 5.005926 4.963609 5.148664 4.961735 4.934468 4.929369 4.924272 4.927362 5.073092 4.919577 4.904049 4.899094 4.899979 5.041394 4.904806 5.009532 4.881596 4.869565 4.864721 4.859892 4.85508 4.85639 4.845498 4.845175 4.83841 4.834807 4.826603 4.821939 4.822507 4.934448 4.810872
5.736413 5.720563 5.632515 5.436281 5.349705 5.332802 5.317602 5.302649 5.319451 5.370544 5.565393 5.569068 5.556915 5.646341 5.870989 5.790687 5.503572 5.223063 5.154548 5.378219 5.416214 5.12908 5.196236 5.601925 5.259819 5.05569 5.191274 5.523311 5.362307 5.210705 5.004694 5.240324 5.551428 5.371782 5.066284 5.17666 5.221255 5.159461 4.9935 4.959044 4.947278 4.934063 4.928997 4.923905 4.930207 5.100881 4.922645 4.903705 4.898746 4.898941 5.042578 5.009854 4.897424 4.877557 4.869232 4.864398 4.859573 4.854762 4.849975 4.850313 4.963429 4.856619 4.830923 4.826321 4.821648 4.81699 4.817636 4.807714
5.735083 5.68929 5.460379 5.363399 5.346481 5.33129 5.316164 5.377976 5.551844 5.583438 5.561694 5.568638 5.648119 5.839568 5.88564 5.79027 5.537207 5.377822 5.149318 5.205562 5.419269 5.134493 5.104948 5.301271 5.105805 5.040632 5.043756 5.195348 5.322917 5.286141 5.066098 5.07303 5.32039 5.526617 5.209668 5.009784 5.160757 5.207264 5.187219 5.166743 5.114798 4.948265 4.928576 4.923504 4.929888 5.099912 4.922168 4.903325 4.898367 4.899415 5.039389 4.90796 4.890064 4.990075 4.873489 4.864038 4.859222 4.860453 4.849617 4.844856 4.860201 4.958041 4.837161 4.82598 4.821326 4.816672 4.817285 4.807403
5.731506 5.634369 5.405452 5.359865 5.344865 5.329643 5.340946 5.559013 5.590837 5.356391 5.336254 5.583951 5.842712 5.881709 5.801314 5.602973 5.498158 5.425929 5.160273 5.156475 5.420082 5.149674 5.081215 5.086659 5.054202 5.076124 5.026555 5.052998 5.244312 5.291357 5.274689 5.206208 5.053698 5.267815 5.21424 4.997712 4.991757 5.155766 5.185384 5.012107 4.948859 4.933155 4.928152 4.923069 4.926727 5.071806 4.91869 4.902914 4.897931 4.917621 5.030534 5.026408 5.014628 5.004943 4.872907 4.863657 4.864108 4.976068 4.856102 4.844489 4.839729 4.84086 4.830321 4.831579 4.820964 4.821593 4.934008 4.813385
5.658976 5.462252 5.373954 5.358278 5.342986 5.327737 5.393321 5.60798 5.571251 5.290812 5.470363 5.691738 5.862029 5.662581 5.56431 5.507474 5.491472 5.446196 5.204283 5.150386 5.417979 5.192246 5.080904 5.066551 5.086404 5.306901 5.06664 5.011445 5.021049 5.027859 5.016872 5.023861 5.177765 5.289107 5.278648 5.150682 4.983515 4.991842 5.154132 5.14921 4.985408 4.932717 4.927672 4.922601 4.917532 4.923075 4.907447 4.902492 4.905553 5.040113 4.914924 4.888725 4.894159 4.990702 4.884902 4.863183 4.85843 4.856938 4.848839 4.844103 4.839368 4.834649 4.835136 4.947758 4.827382 4.815939 4.816144 4.811492
5.475793 5.388732 5.371578 5.356312 5.341043 5.349153 5.561851 5.622046 5.580664 5.375036 5.576894 5.84655 5.669095 5.540934 5.518413 5.504273 5.490018 5.474823 5.378319 5.208781 5.387659 5.318898 5.102112 5.064882 5.051185 5.076945 5.023988 5.010025 4.996541 4.99505 4.999996 5.191626 5.36225 5.542942 5.516519 5.278409 5.137979 4.958726 4.993261 5.146732 5.137203 4.979673 4.927151 4.922093 4.917041 4.912004 4.906999 4.902006 4.905538 4.899831 4.887036 4.882236 4.877322 4.887547 4.987995 4.867216 4.862508 4.975048 4.853779 4.847938 4.838936 4.839032 4.829529 4.830943 4.820181 4.815557 4.815405 4.928536
5.400533 5.38481 5.369508 5.354125 5.338836 5.400452 5.612053 5.619911 5.605353 5.613178 5.575486 5.595201 5.576791 5.532371 5.516784 5.502493 5.488153 5.473927 5.458297 5.415709 5.212225 5.114287 5.077198 5.101384 5.049392 5.035729 5.042478 5.008444 4.999979 4.994577 5.012834 5.271791 5.522055 5.616706 5.582243 5.346099 5.181023 4.963344 4.946522 4.991966 5.125294 5.123157 4.967426 4.921378 4.916491 4.911475 4.906479 4.910771 5.047843 4.900547 4.887073 4.881747 4.876873 4.875742 4.984432 4.867232 4.857523 4.858261 4.850577 4.9595 4.840785 4.952124 4.834006 4.824402 4.819767 4.81511 4.813643 4.81006
5.397962 5.382568 5.367189 5.351882 5.359299 5.570705 5.632611 5.617957 5.642542 5.875531 5.617401 5.591598 5.833933 5.657988 5.520849 5.500457 5.486207 5.471972 5.494563 5.70361 5.392028 5.114863 5.102853 5.327644 5.08361 5.053541 5.242172 5.034164 4.999231 4.993922 5.007604 5.240836 5.375792 5.600029 5.601972 5.501919 5.22716 4.997539 4.957319 5.143713 4.965013 5.138435 5.104226 4.958077 4.92871 4.921786 4.913734 4.900879 4.904353 4.892171 4.963591 4.884452 4.876342 4.871491 4.869305 4.861814 4.857039 4.852252 4.851122 4.971306 4.840529 4.950667 4.832371 4.829328 4.819307 4.829602 4.925502 4.819837
5.395503 5.380087 5.36464 5.349735 5.409604 5.619729 5.630938 5.659992 5.600848 5.627902 5.571153 5.556945 5.661764 5.812827 5.55864 5.498693 5.484153 5.469909 5.455965 5.485514 5.387449 5.12012 5.073358 5.096923 5.046049 5.12148 5.326039 5.062996 4.998291 4.993228 5.000896 5.195766 5.32443 5.588045 5.599614 5.542687 5.265107 5.1342 4.951654 4.983921 5.117552 5.147628 5.135146 5.117036 5.104297 5.091922 5.064966 4.929462 4.8954 4.962418 5.267187 4.960954 4.876419 4.874368 4.983674 4.866195 4.856493 4.851717 4.862136 4.970833 4.840078 4.83578 4.831801 4.945187 4.821757 4.930005 4.940166 4.921399
5.392848 5.377361 5.362459 5.414195 5.588494 5.643305 5.671981 5.903903 5.644448 5.583683 5.610998 5.553706 5.540808 5.561732 5.510635 5.496222 5.482023 5.467787 5.453643 5.440084 5.398062 5.165943 5.070911 5.057569 5.069579 5.328188 5.561242 5.146524 5.000633 4.992473 4.986922 5.044285 5.285274 5.578177 5.598414 5.497471 5.25121 5.16768 4.954618 4.952332 5.148175 5.13147 5.133524 5.113443 4.950667 4.940164 5.06274 5.043584 4.89967 4.896594 4.957686 4.882725 4.87522 4.874202 4.985677 4.876797 4.860059 4.864487 4.96351 4.971337 4.850939 4.834282 4.829452 4.827621 4.818311 4.826505 4.936751 4.935086
5.38995 5.375036 5.427549 5.602109 5.655016 5.640396 5.625634 5.657874 5.596185 5.61902 5.855221 5.601317 5.536976 5.561415 5.508141 5.493964 5.508758 5.465595 5.451426 5.437457 5.423354 5.327258 5.093288 5.05556 5.069935 5.328747 5.364795 5.105697 4.996644 4.991704 4.986352 5.005366 5.258982 5.536748 5.582835 5.330409 5.210287 5.170789 4.957524 4.946947 5.11482 4.955445 5.083923 5.11236 4.925934 4.908759 4.909659 4.90328 4.899793 5.031207 4.897311 4.879435 4.880611 4.869784 4.880489 4.979947 4.983863 4.963938 4.854393 4.968254 4.963559 4.957266 4.940081 4.825094 4.817779 4.824845 4.935835 4.934476
5.387489 5.440568 5.614885 5.667382 5.652709 5.637623 5.622624 5.608012 5.592961 5.578334 5.605271 5.589645 5.579331 5.808046 5.549586 5.513329 5.727452 5.50119 5.449046 5.435133 5.421645 5.368174 5.100663 5.053305 5.067208 5.321532 5.340045 5.248448 5.018521 4.990832 4.985569 4.990946 5.182652 5.372185 5.577672 5.308593 5.210355 5.177196 4.985785 4.938506 4.979732 5.116224 4.947803 5.111073 4.947117 4.914786 5.0615 4.90803 4.900577 4.894129 4.887064 4.882876 4.997659 4.874568 4.867828 4.861205 4.857139 4.862695 4.96164 4.968049 4.966485 4.992302 4.981581 4.846668 4.818178 4.928703 4.938508 4.933925
5.451457 5.628664 5.679615 5.664811 5.64981 5.634693 5.619841 5.604983 5.590294 5.575636 5.602273 5.841383 5.651534 5.57404 5.503344 5.533577 5.809771 5.523797 5.446891 5.43273 5.419284 5.364795 5.10257 5.050834 5.056826 5.274869 5.337029 5.293489 5.02875 4.989929 4.98472 4.979193 5.03603 5.28752 5.550587 5.399306 5.290299 -9999 -9999 4.972981 4.932681 4.972399 5.096493 5.116492 5.063998 4.914406 4.913239 4.904573 5.038756 4.892317 5.009566 4.882645 4.878412 4.872647 4.985226 4.861643 4.972095 4.966878 4.857321 4.856042 4.98664 5.194868 5.202737 5.021772 4.839327 4.9387 4.937922 4.933348
