hazard/palu_koro_6.5_shakemap.asc
ncols         382
nrows         436
xllcorner     118.75757142431
yllcorner     -2.9166665
cellsize      0.008333
NODATA_value  -9999
[rows 270 to 299 of 436, columns 207 to 275 of 382]
6.970235 6.944153 6.920495 6.895039 6.871634 6.55712 6.531419 6.51052 6.777202 6.757378 6.443438 6.420707 6.396675 6.374761 6.353045 6.624798 6.606117 6.584868 6.563747 6.54278 6.521956 6.501277 6.480739 6.462639 6.440119 6.420035 6.400009 6.380162 6.692704 6.343852 6.321428 6.302107 6.282934 6.263865 5.954135 6.225374 6.539371 6.192031 6.502099 6.15538 6.133764 6.113612 5.804543 5.783715 5.767849 5.748199 5.730604 5.713154 5.988791 5.683936 5.663563 5.937306 5.923452 5.906597 5.889835 5.903006 5.886751 5.870274 5.853892 5.837602 5.821407 5.805299 5.789297 5.773233 5.435157 5.41553 5.722456 5.710509 5.695009
6.971593 6.947922 6.92418 6.607077 6.581115 6.557785 6.534676 6.803345 6.491714 6.466362 6.44386 6.712846 6.402081 6.379434 6.355676 6.627414 6.608623 6.587312 6.566133 6.545108 6.524229 6.503497 6.482908 6.794475 6.445348 6.422007 6.401988 6.382099 6.362404 6.342727 6.323243 6.303884 6.284673 6.265569 6.246487 6.559533 6.212427 6.190383 6.171999 6.15351 6.135245 5.824232 5.802968 5.785042 6.060453 5.754602 5.731947 5.714453 5.988038 5.975724 5.958582 5.941619 5.92262 5.907741 5.890982 5.904133 5.887859 5.871364 5.854964 5.838656 5.822443 5.806319 5.7903 5.774354 5.438435 5.418798 5.723422 5.711435 5.693629
6.97297 6.951135 6.925367 6.610075 6.585982 6.562634 6.537495 6.514482 6.491604 6.46891 6.446378 6.424078 6.403769 6.671368 6.362288 6.627687 6.610757 6.589411 6.568179 6.547106 6.526178 6.5054 6.484766 6.464375 6.443944 6.423741 6.403684 6.386002 6.363989 6.344313 6.324795 6.305404 6.28616 6.265048 6.247997 6.229242 6.210369 6.191723 6.173204 6.154798 6.136508 5.82537 5.804183 5.786234 6.061682 6.046669 5.737984 5.71558 5.698253 5.97361 5.959745 5.942648 5.63466 5.905514 5.891957 5.905091 5.888801 5.872289 5.855873 5.83955 5.823323 5.807184 5.791151 5.77519 5.759136 5.743368 5.727834 5.712219 5.376683
6.681903 6.951434 6.636555 6.612018 6.879736 6.859114 6.542415 6.516734 6.493823 6.471072 6.448484 6.426068 6.697195 6.386263 6.653447 6.342769 6.609993 6.591161 6.569886 6.54877 6.527802 6.509221 6.486334 6.465797 6.445419 6.423231 6.403091 6.717246 6.366459 6.345613 6.326084 6.306664 6.287394 5.977108 6.244053 6.230269 6.211502 6.192833 6.174292 6.155864 6.137553 5.826394 5.805187 5.787219 6.060683 6.047692 6.029993 5.719664 5.699046 5.97245 5.960586 5.943495 5.926389 5.909571 5.892759 5.905879 5.889575 5.87305 5.856621 5.840285 5.824045 5.807893 5.791849 5.775877 5.759996 5.741944 5.728463 5.712862 5.697153
6.684135 6.951676 6.640543 6.903702 6.884553 6.861096 6.544294 6.518562 6.495603 6.47475 6.452124 6.42773 6.696892 6.679328 6.657422 6.635584 6.614006 6.59256 6.571249 6.552366 6.529121 6.840482 6.490568 6.467001 6.446594 6.134943 6.112206 6.383484 6.075041 6.344065 6.327107 6.307665 6.288373 6.269112 5.959327 6.226176 6.212379 6.193712 6.175152 6.156707 6.138379 5.827203 5.805979 5.787996 5.770187 6.045407 6.030807 5.720384 5.69975 5.682561 5.958053 5.94416 5.927134 5.910213 5.893388 5.906496 5.890182 5.873645 5.857206 5.840859 5.82461 5.810893 5.792423 5.776412 5.760523 5.422402 5.72312 5.713338 5.697817
6.690546 6.66158 6.93091 6.61626 6.881327 6.860609 6.545689 6.519937 6.496941 6.76561 6.74558 6.431698 6.406666 6.676083 6.658543 6.636741 6.615081 6.593607 6.572269 6.883049 6.533329 6.509267 6.488469 6.467898 6.44747 6.427129 6.406958 6.387043 6.36712 6.347452 6.327865 6.308404 6.291334 6.269918 6.250709 5.940915 6.210131 6.194358 6.175785 6.157325 6.138985 5.827796 5.80656 5.788564 5.77068 6.045951 6.031341 5.720907 5.700264 5.682924 5.958544 5.944643 5.927607 5.912956 5.893868 5.906943 5.89062 5.874075 5.857627 5.841274 5.825016 6.163582 5.796868 5.776797 5.7609 5.424833 5.403302 5.710196 5.698168
6.690853 6.662656 6.9301 6.61723 6.59104 6.567482 6.545965 6.520871 6.497835 6.475026 6.452327 6.429775 6.407417 6.385274 6.656863 6.637475 6.617974 6.594323 6.572944 6.551856 6.530706 6.512016 6.489092 6.468486 6.448042 6.427743 6.407591 6.387573 6.367696 6.347956 6.328355 6.311085 6.62149 6.273654 6.251274 6.232213 6.213483 6.194772 6.176188 6.157721 6.13937 5.828172 5.806928 5.788923 5.772966 6.046316 6.031678 5.721236 5.700585 5.683239 5.958852 5.944944 5.927901 6.242502 5.897707 5.907219 5.89089 5.87434 5.857886 5.841527 5.825264 5.809229 5.793026 5.77703 5.761129 5.745138 5.409189 5.710434 5.698379
6.950396 6.667245 6.641104 6.617125 6.593423 6.56985 6.837999 6.525702 6.498301 6.475415 6.452716 6.430189 6.40782 6.38753 6.657254 6.637839 6.948656 6.597858 6.573273 6.5543 6.531035 6.842372 6.492381 6.468766 6.448313 6.428005 6.407845 6.387819 6.367935 6.348187 6.328579 6.64136 6.293303 6.270557 6.251472 6.232509 6.213671 6.194953 6.176364 6.15789 6.139535 5.828332 5.807083 5.791022 6.064413 6.049489 6.031815 5.721369 5.700714 5.683364 5.958973 5.945062 5.928016 5.911232 5.894235 5.907324 5.890991 5.874438 5.857982 5.84162 5.825355 5.809177 5.793108 5.777112 5.761208 5.745389 5.729501 5.714005 5.698449
6.948766 6.957124 6.933248 6.909359 6.885565 6.863926 6.838741 6.815488 6.501 6.475417 6.452718 6.430192 6.409709 6.679127 6.659686 6.63783 6.61619 6.594627 6.575418 6.884051 6.534252 6.510167 6.489334 6.470925 6.450474 6.427991 6.407809 6.387782 6.370057 6.348165 6.328537 6.309136 6.289729 6.270509 6.251423 6.232459 6.213619 6.194901 6.176311 6.157836 6.139479 5.828276 5.807026 6.082105 6.067212 6.047492 6.029811 5.723246 5.700673 5.683302 5.95891 5.944998 5.927951 5.91326 5.894192 5.907258 5.890925 5.874372 5.857914 5.841552 5.825286 5.809109 5.793039 5.777043 5.761138 5.745319 5.729586 5.713937 5.698379
6.689186 6.664536 6.640553 6.616627 6.592974 6.858947 6.546685 6.520896 6.497841 6.474985 6.452297 6.429781 6.700792 6.681322 6.659299 6.637449 6.61576 6.594256 6.905228 6.55518 6.532821 6.509759 6.488989 6.800481 6.783363 6.430701 6.407483 6.387459 6.702077 6.350831 6.328227 6.30875 6.289425 6.27021 6.251127 6.232166 6.21333 6.194615 6.176028 6.157557 6.139203 5.829952 5.808709 6.081946 6.066948 5.758178 5.735517 6.010623 5.70349 5.68305 5.958662 5.944752 5.927708 6.24233 5.897511 5.907021 5.89069 5.874139 5.857684 5.841324 5.82506 5.808885 5.792817 5.776822 5.76092 5.745102 5.729371 5.713724 5.698167
6.689336 6.955233 6.933571 6.909715 6.884091 6.569206 6.543119 6.519945 6.49695 6.474118 6.451453 6.43086 6.700065 6.680539 6.658532 6.636697 6.615023 6.593533 6.572256 6.553193 6.862107 6.512208 6.488329 6.467851 6.447395 6.427015 6.406868 6.386854 6.699393 6.350226 6.32765 6.308182 6.288866 6.26966 6.250586 6.231633 6.212804 6.194097 6.175517 6.157053 6.138707 6.120361 6.102261 6.084365 6.066478 6.048594 5.739818 6.010324 5.704988 5.682633 5.958227 5.946545 5.927307 5.910515 5.893517 5.906612 5.890287 5.87374 5.85729 5.840934 5.824675 5.808504 5.792441 5.77645 5.760552 5.744738 5.729011 5.713368 5.697815
7.23724 6.956329 6.930173 6.906363 6.591356 6.565013 6.543559 6.520427 6.495633 6.472819 6.450188 6.720974 6.701511 6.679367 6.657385 6.635575 6.613924 6.592457 6.571126 6.881963 6.532304 6.508073 6.487354 6.466792 6.448509 6.426112 6.405962 6.385965 6.366189 6.346388 6.326807 6.307353 6.286146 6.268839 6.249797 6.230857 6.212041 6.193346 6.174778 6.156325 6.13799 6.119776 6.101671 6.083681 6.065803 6.04804 6.030282 6.01285 5.995287 5.685318 5.957608 6.275505 5.930104 5.909758 5.895126 5.906056 5.889716 5.873176 5.856734 5.840384 5.824132 5.807968 5.791912 5.775928 5.760036 5.744228 5.728507 5.710742 5.697298
6.684205 6.657798 6.633916 6.610139 6.588381 6.563101 6.833278 6.810963 6.496554 6.472943 6.450361 6.719426 6.699911 6.677806 6.657952 6.634102 6.612464 6.591028 6.569727 6.548709 6.527597 6.506757 6.488184 6.465549 6.779532 6.427957 6.404769 6.384794 6.364958 6.345259 6.325698 6.306264 5.995924 6.264912 6.248764 6.229841 6.211042 6.192363 6.173811 6.155375 6.137054 6.118855 6.100764 6.082788 6.064924 6.047174 6.02953 6.012012 5.994581 5.684504 5.954867 5.941124 5.925882 5.908987 6.226105 5.90877 5.888977 5.872447 5.856014 5.839675 5.823432 5.807277 5.791229 5.775254 5.759371 5.743571 5.727858 5.391796 5.692924
6.679094 6.655065 6.63309 6.609406 6.877255 6.56338 6.829143 6.516986 6.491624 6.760483 6.742433 6.720128 6.697914 6.675859 6.986723 6.635281 6.610645 6.589249 6.567986 6.546883 6.525927 6.507256 6.816948 6.467255 6.775946 6.426429 6.403289 6.383341 6.363533 6.34386 6.324324 6.304915 6.285545 6.266504 6.247485 6.228585 6.209807 6.191149 6.172617 6.1542 6.1359 6.117719 6.099646 6.081688 6.063841 6.046108 6.02848 6.013181 5.993586 5.683501 5.663102 5.647902 5.92194 5.908041 6.223128 5.907829 5.88807 5.871553 5.855133 5.838805 5.822575 5.806431 5.790394 5.77443 5.758557 5.742768 5.727066 5.711294 5.695915
6.675769 6.653637 6.919648 6.900522 6.877163 6.560503 6.534754 6.511749 6.488971 6.468236 6.73747 6.717677 6.695523 6.673527 6.651731 6.630001 6.608471 6.587121 6.565905 6.544846 6.523933 6.835509 6.485647 6.462083 6.441853 6.421566 6.401522 6.381608 6.361833 6.342192 6.322688 6.303308 6.284079 6.264956 6.244064 6.227069 6.208337 6.189704 6.171197 6.152803 6.134526 6.116368 6.098317 6.08038 6.060708 6.044823 6.027234 6.343635 5.99588 5.682311 5.661785 5.935635 5.923782 5.90692 5.890292 5.903278 5.886997 5.870495 5.854089 5.837776 5.821559 5.805429 5.789407 5.773455 5.759982 5.741847 5.726129 5.710523 5.695005
6.67192 6.941726 6.629015 6.892696 6.87186 6.557141 6.531441 6.510389 6.487742 6.754937 6.737035 6.716925 6.69276 6.670813 6.649036 6.627413 6.605942 6.584648 6.563485 6.542478 6.521615 6.500993 6.480327 6.459905 6.43962 6.419474 6.399471 6.379598 6.359861 6.340256 6.320788 6.301444 6.282248 6.263159 5.951406 6.2223 6.206634 6.18803 6.169552 6.151186 6.132936 6.114804 6.096778 6.078867 5.769714 6.040344 6.025791 6.34021 5.994461 5.680934 5.660429 5.643498 5.919467 5.905624 5.888855 5.902018 5.885756 5.869273 5.852884 5.836588 5.820388 5.804274 5.788267 5.772331 6.113054 5.744884 5.725049 5.709457 5.693954
6.67157 6.937515 6.914512 6.599534 6.575654 6.5525 6.527753 6.796728 6.778374 6.464441 6.73121 7.043917 6.692593 6.667722 6.646019 6.624468 6.603063 6.581832 6.56073 6.539782 6.518976 6.498316 6.477796 6.457426 6.437191 6.419184 6.39716 6.37731 6.357617 6.338055 6.318628 6.299325 6.282309 6.261137 5.949258 6.220327 6.204698 6.186128 6.167682 6.149348 6.131129 6.113028 6.095031 6.077148 6.059288 6.041712 6.024154 6.006887 5.989372 5.6813 5.658913 5.641849 5.916098 5.904133 5.887408 5.900591 5.88435 5.867887 5.851518 5.835241 5.81906 5.805273 5.787003 5.771058 6.109657 5.74362 5.723827 5.708251 5.692763
6.95434 6.933363 6.618401 6.592432 6.860713 6.842386 6.526184 6.502766 6.771821 6.750323 6.729967 6.708034 6.686021 6.664257 6.642637 6.621166 6.599835 6.578676 6.557642 6.538865 6.51604 6.495421 6.474962 6.454649 6.434471 6.746897 6.397863 6.374747 6.355103 6.33559 6.316209 6.296951 6.609839 6.26213 5.947011 6.218121 6.20253 6.183999 6.165589 6.147292 6.129107 6.11104 6.093076 6.075225 6.057483 6.039852 6.022323 6.004917 5.987597 5.970203 5.660405 5.640155 5.623361 5.897359 5.885769 5.898997 5.882779 5.866338 5.849992 5.833737 5.817577 6.158612 5.789644 5.769636 5.754084 5.738105 5.722461 5.706903 5.68932
6.657237 6.6356 6.610578 6.587454 6.566409 6.835087 6.521599 6.790027 6.770186 6.456348 6.723343 6.703904 6.68209 6.660422 6.638894 6.617511 6.596264 6.575183 6.556289 6.865494 6.518095 6.492238 6.471825 6.451577 6.43146 6.411567 6.391634 6.371912 6.352323 6.332862 6.313533 6.294324 6.275403 6.256299 5.944527 6.215681 6.200133 6.181643 6.163276 6.145017 6.126872 6.108841 6.090915 6.0731 6.055392 6.037795 6.020298 6.002925 5.985636 5.968452 5.660388 5.638304 5.621392 5.604771 5.880839 5.897236 5.881044 5.864628 5.846257 5.832055 5.815938 6.157171 5.788054 5.768064 5.752279 5.736574 5.720954 5.703349 5.367713
6.651258 6.919896 6.607612 6.583798 6.850597 6.830799 6.518358 6.785209 6.765428 6.743241 6.721328 6.699493 6.677788 6.656222 6.634795 6.613508 6.592353 6.571359 6.882903 6.533273 6.841375 6.491852 6.46839 6.448212 6.428163 6.408247 6.388465 6.368806 6.349277 6.329875 6.310602 6.291449 6.272438 6.253526 5.941806 6.213008 6.197508 6.179065 6.160741 6.142527 6.124423 6.106434 6.088549 6.070772 6.053102 6.035542 6.018083 6.000744 5.98349 5.966339 5.949125 5.639362 5.619376 5.602618 5.878881 5.897569 5.879171 5.862756 5.525829 5.82699 5.814147 6.15313 5.786285 5.766347 5.750584 5.734903 5.719306 5.381245 5.362124
6.644846 6.621847 6.598907 6.867831 6.558144 6.532819 6.800236 6.782369 6.760266 6.736512 6.716407 6.694706 6.673117 6.651663 6.630343 6.609161 6.588105 6.567205 6.546525 6.525783 6.507452 6.484921 6.464659 6.444557 6.424582 6.404737 6.385026 6.365433 6.34597 6.326631 6.307419 6.288325 6.269371 6.250516 5.940694 6.208298 6.194639 6.176263 6.157989 6.139822 6.121764 6.10382 6.085978 6.068244 6.050616 6.033096 6.015676 5.998376 5.979326 5.96215 5.947006 5.63714 5.617186 5.600461 5.874913 6.24817 5.881081 5.860724 5.8443 5.828282 5.812201 5.796385 5.78031 5.764482 5.748745 5.733089 5.715459 5.379287 5.36038
6.637955 6.615101 6.592391 6.5716 6.838713 6.819151 6.507109 6.772462 6.752912 6.441219 6.708629 6.689549 6.668084 6.64675 6.625546 6.604475 6.583527 6.562729 6.542042 6.521496 6.833312 6.483934 6.460636 6.440616 6.420721 6.400952 6.381315 6.361796 6.342402 6.323131 6.303986 6.284956 6.268141 6.24729 6.228439 5.917133 6.188633 6.175289 6.155042 6.136904 6.118896 6.101001 6.085282 6.065538 6.047935 6.030458 6.01308 5.995821 5.687621 5.665688 5.939502 5.634721 5.614823 5.598135 5.581692 5.888071 5.874861 5.860788 5.842323 5.826155 5.810102 5.794134 5.778268 5.762471 5.746762 5.729056 5.393165 5.373884 5.358502
6.6306 6.609686 6.585447 6.854718 6.545379 6.518613 6.789871 6.478781 6.454556 6.72437 6.705479 6.68403 6.662696 6.641489 6.622395 6.599473 6.57862 6.557933 6.53735 6.516903 6.496708 6.476391 6.456324 6.436393 6.416582 6.396896 6.377338 6.357897 6.338578 6.31938 6.300305 6.283378 6.596642 6.247111 6.225177 5.915465 6.185352 6.502289 6.155335 6.133775 6.11582 6.097977 6.412254 6.065896 6.045058 6.027629 6.012361 5.993105 5.975804 5.666159 5.646052 5.629043 5.612291 5.59564 5.579078 5.88548 5.874751 6.210952 5.843729 5.823873 5.807853 5.791915 5.776081 5.758265 5.742513 5.406751 5.387281 5.371841 5.35649
6.622823 6.892265 6.580684 6.555879 6.825113 6.514368 6.781554 6.76402 6.742339 6.720888 6.699459 6.678153 6.656959 6.635886 6.947814 6.597164 6.573393 6.552823 6.532351 6.51201 6.493812 6.471717 6.451729 6.43189 6.41217 6.392571 6.373098 6.355753 6.334519 6.315379 6.29638 6.611909 6.596431 6.2434 6.221531 6.201149 6.184747 6.166675 6.148442 6.130437 6.112539 6.094751 6.07722 6.059475 6.04199 6.026663 6.339498 5.993779 5.973072 5.665176 5.643117 5.626296 5.609588 5.592978 5.576457 5.880915 6.224502 5.857758 5.837515 5.821437 5.805452 5.787554 5.771683 5.435556 5.416381 5.400561 5.385072 5.369664 5.354342
6.619907 6.594087 6.571982 6.548214 6.526387 6.50446 6.482821 6.754743 6.73574 6.714355 6.693081 6.671927 6.650879 6.629948 6.609197 6.588437 6.567851 6.547402 6.527048 6.50886 6.818986 6.469863 6.446853 6.427113 6.407488 6.387982 6.368599 6.683651 6.333292 6.311132 6.292212 6.607935 6.590372 6.239438 6.21766 5.908201 6.178101 6.162876 6.146893 6.126913 6.109055 6.091326 6.073691 6.058187 6.03875 6.353397 6.007662 5.987057 5.970016 5.952881 5.645197 5.6234 5.606717 5.59015 5.573671 5.557444 5.861793 5.850992 5.834888 5.818851 5.802902 5.464417 5.445255 5.429332 5.413717 5.398181 5.382727 5.367351 5.35206
6.607595 6.879468 6.858026 6.542747 6.518474 6.49685 6.477057 6.74752 6.728679 6.707464 6.686356 6.665359 6.644464 6.623681 6.603007 6.582449 6.561997 6.541678 6.523445 6.833459 6.484738 6.461465 6.441702 6.422065 6.40254 6.383132 6.363843 6.677101 6.3287 6.306643 6.287807 6.603611 6.254079 6.231967 6.213567 6.195125 6.17708 6.158995 6.47296 6.126526 6.105369 6.087701 6.070127 6.386887 6.038485 6.01818 6.000835 5.98377 5.966784 5.949895 5.93292 5.623423 5.603679 5.587159 5.570724 5.554379 5.538334 5.84467 5.83211 5.816113 5.798189 5.46156 5.442407 5.426744 5.411166 5.395666 5.380246 5.364903 5.349645
6.890287 7.202405 6.850765 6.534334 6.510286 6.488867 6.759254 6.742383 6.723231 6.700245 6.68122 6.660448 6.63774 6.619028 6.596583 6.576153 6.55584 6.537638 6.850031 6.499132 6.475693 6.454202 6.436265 6.416751 6.397332 6.378025 6.358835 6.339886 6.320778 6.301915 6.283166 6.599056 6.249445 6.229569 6.209276 6.191034 6.171164 6.154888 6.137183 6.119194 6.101485 6.083881 6.066371 6.381338 6.034832 6.014436 5.997315 5.980308 5.963375 5.94654 5.929792 5.621954 5.600494 5.584004 5.567616 5.551317 5.535109 5.841696 5.82918 5.811285 5.47486 5.455331 5.43964 5.424016 5.408476 5.393013 5.377628 5.362321 5.349124
6.880892 6.568337 6.544474 6.523013 6.501729 6.48052 6.459478 6.731963 7.047968 6.695652 7.006627 6.988801 6.633699 6.944879 6.592616 6.571513 6.551344 6.863679 6.845107 6.491139 6.468006 6.158624 6.426229 6.411159 6.391866 6.372665 6.353579 6.334594 6.315718 6.29695 6.278294 6.592302 6.244728 6.555189 6.208303 6.186584 5.877295 6.147782 6.132776 6.11504 6.097403 6.079868 6.062424 6.043478 6.026081 6.01066 5.993617 5.976668 5.959793 5.943013 5.924519 5.907748 5.601876 5.582699 5.564371 5.548098 5.531938 5.838571 5.824142 5.487377 5.468128 5.452379 5.436731 5.421147 5.405647 5.390223 5.374877 5.361585 5.666642
6.873549 6.558598 6.535005 6.513871 6.492812 6.47182 6.452608 6.725613 7.038047 6.687731 6.997057 6.979392 6.626307 6.937757 6.587486 6.897183 6.880241 6.860434 6.506155 6.190229 6.167604 6.439446 6.133003 6.402451 6.386147 6.367058 6.348078 6.329197 6.310424 6.291754 6.273193 6.254854 6.236392 6.218281 6.199981 6.181923 6.16383 6.146106 6.128352 6.110691 6.093127 6.075663 6.058288 5.747963 5.729581 6.003707 5.989742 5.972854 5.956038 5.939317 5.630007 5.611992 5.886522 5.902904 5.56638 5.546697 5.528636 5.833316 5.500196 5.480769 5.464988 5.449286 5.433681 5.41814 5.402681 5.387297 5.373989 5.6793 5.667848
6.864492 6.548606 6.525273 6.504377 6.483548 6.462779 6.735489 7.050425 6.700222 6.67844 6.656239 6.635963 6.617527 6.930264 6.913043 6.893168 6.873305 6.851603 6.497589 6.183471 6.161017 6.141745 6.415672 6.399258 6.378477 6.361191 6.342338 6.323565 6.304897 6.28633 6.267868 6.249502 6.231255 6.213089 6.195025 6.177055 6.159183 6.141405 6.12373 6.106147 6.088659 6.071269 6.052227 5.743563 6.016714 6.002623 5.985692 5.968867 5.952113 5.935452 5.626018 5.899084 5.88598 5.899482 5.883384 5.867255 5.528771 5.50936 5.493257 5.477438 5.461706 5.446051 5.430491 5.414994 5.399579 5.386228 5.691365 5.68002 5.664913
