hazard/palu_koro_6.5_shakemap.asc
ncols         382
nrows         436
xllcorner     118.75757142431
yllcorner     -2.9166665
cellsize      0.008333
NODATA_value  -9999
[rows 360 to 389 of 436, columns 276 to 344 of 382]
5.285583 4.986325 5.260413 4.976388 5.237862 5.231278 4.963913 4.955378 4.95105 4.946734 4.943505 4.938134 4.934808 5.142545 5.48936 5.127923 5.112967 5.101437 5.09164 5.081016 4.902399 4.895435 5.046339 5.038657 5.383131 5.376268 5.368165 5.355451 5.347213 4.996778 4.988107 5.311307 4.985624 4.975662 4.972939 5.269445 5.262803 4.963349 4.955047 4.950943 4.946856 4.941893 4.938457 4.934027 4.930584 4.926549 4.922514 4.918489 4.914472 4.910229 4.906462 4.902475 4.898494 4.894527 4.890564 4.758918 4.753103 4.876331 4.874164 4.870879 4.86698 4.863081 4.859192 4.855596 4.993232 4.99104 4.845714 4.839872 4.836038
5.277496 5.266288 5.255895 4.973969 4.966792 5.220714 5.212425 4.95519 4.948047 4.943759 5.165516 4.938987 5.145591 5.137891 5.12785 5.116617 5.107605 4.912374 5.082572 5.073464 5.063412 4.895492 4.888803 5.030182 5.022234 5.011846 5.355544 5.003143 5.335166 4.994222 4.985642 5.3043 5.298902 4.978765 5.273117 4.96916 4.961455 4.956218 4.952098 4.948654 4.944594 4.812027 4.93417 4.804424 4.926666 4.924381 4.920364 4.916357 4.912357 4.908366 4.904384 4.900412 4.896448 4.892497 4.88855 4.884336 4.880415 4.748292 4.742608 4.867127 4.865061 4.861177 4.857304 4.853437 4.849859 4.846002 4.841894 4.838058 4.834976
5.269355 5.258641 5.247923 5.23679 5.226113 5.215809 5.204045 4.952084 4.945028 4.940768 4.936921 5.150421 5.141299 5.130683 5.1201 5.109528 5.453758 4.914441 5.075734 4.901503 5.055002 5.046149 4.888373 5.023643 5.014486 5.004678 4.999773 4.995568 4.992 4.988862 4.984689 4.979613 5.289227 5.281161 4.971056 4.962059 4.95794 4.825821 4.820182 4.94408 4.942308 4.809519 4.804608 4.928351 4.9262 4.922197 4.918198 4.914208 4.911266 4.905653 4.90228 4.898333 4.894385 4.890451 4.886521 4.882601 4.878045 4.74605 4.741016 4.864536 4.863119 4.859259 4.855401 4.851549 4.847706 4.843872 4.840758 4.836238 4.973739
5.257935 5.250552 5.239909 5.229269 5.218638 5.208016 4.953773 4.946229 4.941993 4.93776 4.934534 5.496315 5.138189 5.123432 5.112913 5.102406 5.092474 5.081127 5.070965 5.060253 5.050082 5.039669 5.029024 5.018886 4.876858 4.99584 4.868487 4.990796 4.988876 5.313049 5.307169 4.981961 5.281683 4.972899 4.964321 4.831513 4.82593 4.821639 4.817595 4.813797 4.938243 4.807871 4.93006 4.927979 4.923986 4.919997 4.916016 4.912045 5.121887 4.778329 4.89855 4.896238 4.891692 4.888381 4.883847 4.880564 4.748914 4.742305 4.866935 4.737295 4.858768 4.856691 4.853473 4.849646 4.845818 4.842683 4.979614 4.83633 4.830912
5.254569 5.242443 5.230686 5.221276 5.210731 5.200181 4.950222 4.943148 4.938943 4.934738 5.144407 5.136762 5.126607 5.115294 5.105677 5.095245 5.084815 5.073626 5.063254 5.053599 5.04258 5.032868 5.021919 5.011596 4.87392 4.869009 4.864047 4.860157 4.984764 5.307386 5.300006 5.289306 4.974676 4.965949 4.961291 4.828885 4.823301 4.819866 4.815254 4.811228 4.935294 4.932823 4.929706 4.92573 4.921752 4.917781 4.913818 4.909865 4.906338 4.773165 4.895818 4.89412 4.761656 4.883878 4.753926 4.876672 4.874377 4.742049 4.865191 4.862784 4.731403 4.725149 4.849707 4.847728 4.843915 4.981701 4.838612 4.83253 4.82875
5.601234 5.239717 4.965764 5.209214 5.201741 5.192298 4.947047 4.940055 4.935878 4.9317 5.13733 4.926298 5.116796 4.917622 5.09606 5.088046 5.07694 4.900897 4.894586 5.044104 4.888038 5.023606 4.879731 4.873959 4.869606 4.993434 4.863069 4.857925 4.982196 5.301061 4.980274 4.972124 4.967527 4.963477 4.831358 4.824927 4.820898 4.945534 4.815214 4.808892 4.805167 4.801176 4.925136 4.923455 4.919503 4.915551 4.911606 4.90767 4.903741 4.771001 4.765648 4.890271 4.75991 4.754643 4.75048 4.873975 4.871966 4.740019 4.863182 4.86043 4.856956 4.724655 4.847756 4.845796 4.841999 4.83849 4.834432 4.830654 4.826892
5.591978 5.585105 5.22101 4.958011 4.949817 5.181785 4.943857 4.936948 4.932798 4.92956 5.129836 4.92288 5.109415 4.915108 5.088017 5.080039 4.902016 4.895594 4.892161 4.887634 4.883274 4.879426 4.875088 4.871602 4.866934 4.86311 4.858791 4.983377 4.981166 5.29323 4.977079 4.968464 4.965011 4.960997 4.956753 4.824028 4.81848 4.943369 4.940742 4.808802 4.802564 4.799208 4.795499 4.919546 4.91724 4.913306 4.909379 4.905461 4.90155 4.768827 4.763256 4.888128 4.885735 4.881838 4.877986 4.746696 4.740348 4.736221 4.860546 4.731306 4.853471 4.722681 4.845152 4.843841 4.840067 4.836292 4.832527 4.828767 4.82502
5.228737 5.218372 5.562171 5.200837 4.949938 5.17295 4.940642 4.933827 4.930641 5.132345 5.124891 4.920671 5.102012 5.09375 4.907599 4.901219 4.896825 4.892731 5.039992 4.886346 4.880485 4.876414 4.872897 4.996911 4.86583 4.860186 4.856142 4.980398 4.97856 4.975152 4.97053 4.838404 4.960825 4.958503 4.954509 4.822152 4.816654 4.940375 4.937986 4.934393 4.802608 4.924144 4.921947 4.918873 4.914961 4.911046 4.907137 4.903238 4.899344 4.766639 4.761085 4.885974 4.883243 4.87999 4.875532 4.872015 4.740434 4.734172 4.730606 4.854928 4.852608 4.720682 4.716096 4.8401 4.838122 4.834363 4.830611 4.826867 4.823134
5.216854 5.209574 5.199912 5.189028 5.178381 4.942667 4.935741 4.93159 5.134763 5.126632 5.117251 5.105862 5.096024 5.08586 4.904267 4.897995 4.893924 4.889858 4.886065 4.882338 4.878252 4.873645 4.993497 4.995993 4.863127 4.857502 4.853481 4.849705 4.974388 4.971948 4.96795 4.963727 4.95997 4.955994 4.952021 4.947264 4.943244 4.811489 4.806576 4.931736 4.928067 4.795909 4.790248 4.91493 4.912669 4.908771 4.904881 4.901 4.897124 4.765029 4.758907 4.883199 4.753143 4.875448 4.745556 4.868356 4.866114 4.734476 4.728908 4.85318 4.722786 4.71695 4.840905 4.839282 4.836154 4.832419 4.828682 4.824953 4.821235
5.208551 5.20128 5.191076 5.180872 5.170672 5.160142 5.149915 5.139759 5.129929 4.922991 5.107114 4.913976 4.907539 4.903456 4.899843 4.895067 4.891665 4.887634 4.883557 5.016561 5.008195 4.873034 4.995225 4.99272 4.860976 4.855414 4.850814 4.846813 4.971754 4.96934 4.965364 4.961393 4.957429 4.953471 4.949518 4.817418 4.811399 4.807208 4.931793 5.175828 4.929351 4.793283 4.787644 4.912601 4.910362 4.906483 4.902611 4.898747 4.894889 4.890193 4.758902 4.75375 4.749646 4.746134 4.74203 4.866246 4.8643 4.860236 4.856459 4.852948 4.720474 4.715535 4.711478 4.708338 4.832448 4.830461 4.82674 4.823025 4.819322
5.203086 5.192955 5.182824 5.171731 5.162551 5.152437 5.142318 5.132201 5.1221 5.11166 5.101892 4.910524 4.904191 4.900865 5.059176 4.894741 5.038736 5.030492 5.02052 5.010789 5.000816 4.998285 4.866364 4.860318 4.98474 4.982326 4.850365 4.844734 4.969117 4.966717 4.962763 4.958814 4.954871 4.950933 4.947002 4.942286 4.8109 4.805336 4.92963 4.927929 4.923557 4.791512 4.785891 4.909684 4.907422 4.904172 4.900327 4.896482 4.892642 4.760242 4.882533 4.88028 4.877088 4.87327 4.869484 4.865967 4.862189 4.8578 4.854639 4.850889 4.718426 4.841386 4.711634 4.833231 4.832193 4.828491 4.824784 4.821084 4.817396
5.194664 5.184601 5.174542 4.941264 5.151928 5.144366 5.134316 5.124269 5.114235 5.105716 5.093393 4.907392 4.901864 5.061854 5.053416 5.043169 4.887182 4.881438 4.877425 4.873418 4.869416 4.993581 4.991516 4.85893 4.982225 4.979866 4.975656 4.971145 4.968009 4.964081 4.960148 4.956221 4.9523 4.948383 4.944472 4.811853 4.934177 4.932521 4.92889 4.925013 4.921139 4.916998 4.913144 4.781529 4.776102 4.899578 4.898022 4.893597 4.889778 4.757738 4.753084 4.749345 4.873483 4.871381 4.867601 4.864542 4.860074 4.727861 4.850835 4.848812 4.716974 4.839616 4.837328 4.705502 4.828455 4.826507 4.822199 4.819122 4.815456
5.18621 5.176219 5.166231 5.155863 5.146248 5.137709 5.126303 5.116306 5.10634 5.451123 4.913988 4.902826 5.064143 5.056532 4.892426 4.886446 4.882786 4.878238 4.874266 4.870305 4.866348 4.862635 4.987411 4.856727 4.979472 4.976536 4.972608 4.840626 4.963784 4.961432 4.95752 4.953614 4.949714 4.945818 4.941928 4.809099 4.803927 4.928683 4.926431 4.92257 4.918716 4.914867 4.911025 4.906936 4.902476 4.771002 4.894062 4.763463 4.757883 4.7544 4.878647 4.875859 4.872947 4.869927 4.86544 5.007038 4.860639 4.725468 4.848726 4.846723 4.842718 4.839285 4.835584 4.70319 4.825838 4.824502 4.693061 4.815405 4.813504
5.177728 5.167809 5.157893 5.147973 5.138055 5.483395 5.122358 5.108315 5.098416 5.09065 5.078296 5.067682 5.058813 5.048938 4.889699 4.88379 5.017405 4.877584 4.871917 4.86797 4.863488 4.859553 4.984588 4.981954 4.978286 4.846445 4.840819 4.836078 4.960538 4.958763 4.95488 4.950995 4.947116 4.943241 4.939372 4.807119 4.801162 4.925614 4.923947 4.920114 4.916279 4.911852 4.908618 4.904809 4.774075 4.767312 4.891742 4.760876 4.755916 4.88011 4.878262 4.746613 4.86906 5.020989 4.865345 4.859851 4.993237 4.72582 4.846615 4.84462 4.840916 4.837218 4.833529 4.701763 4.696559 4.820804 4.818548 4.81518 4.81154
5.16922 5.159374 5.149528 5.139678 5.129025 5.119766 5.109356 5.100286 5.090463 5.435389 5.075265 4.898958 5.049204 5.041311 5.031209 5.021419 5.011881 5.001854 4.998667 4.994775 4.862602 4.857259 4.98122 4.978822 4.974939 4.97075 4.967454 4.83552 4.830268 4.954432 4.952227 4.948363 4.943927 4.940076 4.936796 4.932722 4.800853 4.795052 4.919163 4.917637 4.91383 4.782131 4.903956 4.901842 5.098191 4.897213 4.891055 4.758557 4.880931 4.879744 4.876 4.871382 4.86792 5.015152 4.863099 4.857327 4.995358 4.851566 4.846196 4.843181 4.838825 4.835135 4.831461 4.827498 4.823844 4.820474 4.816832 4.813192 4.809562
5.160687 5.150912 5.14027 5.130522 4.922751 4.916537 4.912656 5.089412 5.081742 5.073338 5.062951 5.052867 5.04341 5.033655 5.023904 5.014157 5.003895 4.999311 4.995975 4.992093 4.987988 4.984079 4.852261 4.84635 4.84246 4.838619 4.962746 4.960295 4.957007 4.953404 4.949561 4.945718 4.813924 4.807822 4.932069 4.930391 4.926318 4.794443 4.788754 4.91349 4.912376 4.906721 4.775245 4.769777 4.894341 4.892468 4.888137 4.756217 4.751569 4.875794 4.873722 4.741512 4.736043 4.860498 4.858836 4.855134 4.851764 4.847747 4.844056 4.981781 4.838667 4.833039 4.829381 4.826395 4.822091 4.818443 4.814813 4.811187 4.807572
5.15125 5.141587 4.927478 4.921067 4.917594 4.913677 4.909066 4.905478 4.901627 5.062756 5.054388 5.045356 5.035062 5.025964 5.016283 5.006598 4.872025 4.867219 4.991474 4.989167 4.985305 4.981447 4.977358 4.845455 4.839962 4.836144 4.832553 4.828697 4.95243 4.950126 4.946312 4.943055 4.938977 4.807148 4.801942 4.926282 4.924027 4.919983 4.787673 4.910418 5.123158 4.77954 4.771441 4.767105 4.763628 4.888386 4.757773 4.752118 4.876877 4.875147 4.871431 4.739548 4.7341 4.73012 4.854274 4.85292 4.849247 4.84557 4.8419 4.838571 4.834585 4.83093 4.827288 4.965103 4.822605 4.816405 4.812174 4.809162 4.805571
4.929308 4.925427 4.921222 4.917361 5.101761 5.094347 4.907916 4.901934 4.898081 5.0542 4.892712 5.03563 4.884712 5.016067 5.008628 4.999042 4.869262 4.991498 4.99006 4.986229 4.983686 4.979907 4.976023 4.971971 4.968102 4.964288 4.96043 4.956576 4.823674 4.81835 4.814524 4.938276 4.936021 4.931976 4.928756 4.925235 4.921462 4.917689 4.785728 4.779946 4.777302 4.772176 4.89637 4.766303 4.760933 4.88599 4.755699 4.749765 4.874239 4.872823 4.869128 4.865146 4.860894 4.729352 4.72476 4.848863 4.847707 4.843395 4.839732 4.836085 4.833098 4.828819 4.825183 4.821894 4.959482 4.816215 4.682959 4.805384 4.803557
4.926307 4.922441 4.918631 4.914762 4.911216 4.907327 4.903214 4.898692 4.894858 4.891322 4.887203 5.02782 4.881816 4.875964 4.998792 4.99853 4.994504 4.862839 4.98554 4.98328 5.300458 5.294605 5.28512 5.275563 5.266093 5.256546 5.247092 5.237645 4.953372 4.946184 4.942365 4.809604 4.8043 4.800506 4.924814 4.92264 4.918884 4.915132 4.911105 4.779387 4.901834 4.771993 4.766233 4.762789 4.759102 4.883593 4.881318 4.749741 4.74456 4.868268 4.866252 4.863128 4.730934 4.725901 4.850101 4.849151 4.986273 4.843136 4.837552 4.833921 4.971778 4.82859 4.823067 4.81946 4.816181 4.812272 4.808377 4.805097 4.801531
5.125975 5.116492 5.106966 5.09749 5.088011 5.078528 5.070455 4.899395 4.892289 4.88843 4.884631 5.019996 5.012008 4.874677 4.869066 4.993956 4.991705 4.987651 4.984111 4.98032 5.293738 5.287954 5.278488 5.269039 5.259587 5.250145 5.240708 5.231279 5.221328 5.211869 5.202501 4.939029 4.93209 4.927264 4.92377 4.920032 4.916296 4.912563 4.908839 4.904843 4.900803 4.897389 4.765166 4.88836 4.886277 4.882874 4.878626 4.875204 4.871541 4.740169 4.734818 4.858521 4.728928 4.851432 4.849876 4.987598 4.844942 4.838986 4.835361 4.831746 4.828465 4.824539 4.820939 4.817348 4.813764 4.810185 4.806614 4.803049 4.798882
5.123161 5.109655 5.100299 5.090833 5.079972 5.070517 5.415923 5.410386 5.04766 5.03248 5.023 5.013857 5.004416 4.99976 4.867849 4.990365 4.988658 4.984892 4.980588 4.977345 5.285202 5.279372 5.271223 5.261846 5.25245 5.243064 5.233682 5.224308 5.214941 5.205585 5.196236 5.186386 5.177011 4.928996 4.92211 4.917423 4.913695 4.909982 4.906278 4.902574 4.770467 4.892875 4.763239 4.886167 4.884126 4.88045 4.748772 4.871359 4.868887 4.864957 4.861872 4.730607 4.852905 4.851234 4.84761 4.844345 4.840378 4.836762 4.833785 4.829568 4.825966 4.822379 4.818203 4.815216 4.811655 4.808092 4.804536 4.800986 4.669152
5.469475 5.458759 5.449241 5.439937 5.075531 5.062192 5.05348 5.044078 5.388671 5.028866 5.01475 5.005396 4.996572 4.996817 4.992852 4.861192 4.984117 4.981864 4.849441 4.972333 4.970672 4.966963 5.258641 5.253378 5.244094 5.234731 5.226614 5.21731 5.207997 5.198695 5.189398 5.18011 5.170833 5.161056 5.15182 4.91846 4.912024 4.908288 4.904623 4.900034 4.768213 4.763042 4.887033 4.884776 4.88166 4.878011 4.874084 4.870708 4.739153 4.733782 4.858181 4.855881 4.852549 4.84894 4.84533 4.841726 4.838126 4.834532 4.972528 4.829373 4.823784 4.820213 4.688912 4.810714 4.809527 4.805987 4.802446 4.798333 4.666759
5.460005 5.095589 5.082447 5.073116 5.063161 5.053847 5.044538 5.034663 5.026046 5.016069 4.87642 4.871489 4.9954 4.99321 4.989459 4.985493 4.982543 4.978828 4.846174 4.841128 4.837399 4.833706 4.830544 4.954946 4.952839 4.949148 5.214297 5.209167 5.19996 5.191764 5.182536 5.1733 5.164075 5.154855 5.145645 5.136007 5.126778 5.117627 5.108433 4.900967 4.894367 4.889858 4.886487 4.754262 4.876877 4.875554 4.871927 4.868299 4.864385 4.860773 4.857437 4.853831 4.850227 4.846632 4.843038 4.83945 4.835867 4.83229 4.82847 4.825148 4.82159 4.818035 4.813572 4.683126 4.805661 4.803871 4.799757 4.668969 4.662832
5.092301 5.082423 5.073193 5.06396 5.054723 5.045482 5.036239 4.884245 4.878894 4.875169 4.871204 4.995623 4.865573 4.860336 4.85666 4.853466 4.977986 4.975781 4.843674 4.837892 4.834188 4.831019 4.826804 4.823387 4.819688 4.816027 4.812919 4.937275 4.935174 5.180471 5.175634 5.166463 5.15729 5.148121 5.138962 5.129812 5.120672 5.11154 5.102426 5.092872 5.083737 4.890962 4.883984 4.752034 4.746536 4.871397 4.869485 4.865874 4.862267 4.858666 4.855068 4.851478 4.84789 4.843736 4.840728 4.837165 4.833598 4.830037 4.698562 4.821113 4.819386 4.815846 4.684575 4.806682 4.805883 4.801753 4.66987 4.792656 4.663204
5.082245 5.073759 5.06461 5.055445 5.046274 5.037098 5.02792 4.881134 4.875334 4.872163 4.867982 4.864561 4.861137 4.857451 4.8538 4.97828 4.9764 4.972726 4.96879 4.836906 4.831709 4.956189 4.825906 4.820199 4.816524 4.812857 4.809192 4.8058 4.802132 4.927044 5.164638 5.158647 5.150467 5.141363 5.132255 5.123155 5.114065 5.104982 5.095917 5.086852 5.077799 5.068324 4.884559 4.877568 4.746049 4.868374 4.867025 4.86287 4.859285 4.856259 4.852687 4.849112 4.845543 4.714176 4.83668 4.834868 4.831318 4.827774 4.82405 4.820697 4.816933 4.813078 4.809209 4.806604 4.944646 4.801485 4.668011 4.79029 4.7888
4.901507 5.062604 5.056003 5.048308 5.037821 5.028696 5.019582 5.009717 4.873649 4.996608 4.866896 4.861621 4.986149 4.984032 4.980353 4.976966 4.973315 4.969662 4.966008 4.962107 4.958464 4.955051 4.951153 4.819445 4.814155 4.810537 4.806339 4.802691 4.799052 4.795702 4.920627 4.9186 5.139667 5.133661 5.125511 5.116473 5.107433 5.098399 5.089383 5.080367 5.071362 5.062363 5.05298 4.878196 4.871438 4.740202 4.862919 4.733142 4.727234 4.851637 4.849751 4.846732 4.843185 4.839328 4.836094 4.832561 4.829025 4.825495 4.821971 4.808009 4.750484 4.681778 4.677648 4.802619 4.80128 4.797463 4.793662 4.662649 4.785173
4.897686 4.894371 5.045492 5.393284 5.033288 5.020277 5.011227 4.874619 4.868762 4.865381 4.989563 4.987572 4.98473 4.980613 4.976952 4.973333 4.970213 4.966589 4.962959 4.95933 4.955701 4.952074 4.948447 4.944009 4.940397 4.937269 4.805119 4.799843 4.796739 4.793157 4.789284 4.78566 4.910564 4.909155 5.115253 5.109756 5.100776 5.091791 5.082825 5.073856 5.064899 5.055948 5.047007 5.037705 4.872101 4.865997 4.862099 4.858225 4.726758 4.721239 4.71768 4.842067 4.840269 4.836715 4.833757 4.829662 4.82672 4.823215 4.819708 4.815794 4.684073 4.718071 4.707423 4.775113 4.798772 4.795301 4.791836 4.788063 4.784334
4.896063 4.890593 5.036349 5.030476 5.020828 5.01184 5.002875 4.9993 4.867529 4.861859 4.858532 4.854921 4.979501 4.849168 4.84411 4.840491 4.965115 4.963502 4.959901 4.956295 4.952689 4.949085 4.94548 4.813312 4.80806 4.932431 4.802237 4.79751 4.922059 4.920955 4.788369 4.78262 4.779322 4.904296 4.902802 5.099768 5.094084 5.084398 5.075455 5.066574 5.058401 5.049509 5.040614 5.031727 5.022473 5.013628 4.862107 4.856702 4.852852 4.720729 4.715518 4.712329 4.70825 4.704759 4.829114 4.699609 4.822033 4.820353 4.817422 4.685607 4.680535 4.805254 4.675281 4.798254 4.796589 4.793133 4.789682 4.785677 4.655097
4.892495 4.887108 4.883853 5.019547 5.012305 5.003406 4.999785 4.995726 4.992372 4.860592 4.855531 4.85194 4.848608 4.844759 4.84068 4.83709 4.833759 4.958287 4.956316 4.953247 4.949669 4.946087 4.941999 4.810068 4.804852 4.801572 4.797699 4.922725 4.921037 5.145249 4.916497 4.78141 4.776807 4.901557 4.899633 4.896484 5.08407 4.891771 4.885856 4.882279 5.04873 5.043036 5.034197 5.025357 5.016529 5.007109 4.998001 4.997021 4.993565 4.848119 4.842774 4.839243 4.707786 4.702638 4.699444 4.695678 4.691931 4.688437 4.812873 4.683573 4.806112 4.804742 4.8016 4.797845 4.794395 4.790954 4.787519 4.656235 4.778464
4.888919 4.88413 4.880613 5.011014 5.003774 4.99997 4.995934 4.864081 4.987266 4.98502 4.981412 4.97788 4.974346 4.971297 4.839611 4.834455 4.830393 4.827112 4.823543 4.948686 4.946641 4.943082 4.810826 4.805474 4.802424 4.7989 4.795332 4.920133 4.918186 4.915165 4.911091 4.778622 4.901998 4.900441 4.896903 4.893363 4.890265 4.886296 4.882762 4.879233 4.876137 5.033636 5.027115 5.018956 5.010181 4.860409 4.854939 4.851472 4.847959 4.844122 4.8412 4.837749 4.833361 4.829846 4.826383 4.822886 4.691643 4.686365 4.682663 4.80723 4.805936 4.802496 4.940449 4.797602 4.792191 4.788766 4.785346 4.781611 4.778518
