hazard/palu_koro_6.5_shakemap.asc
ncols         382
nrows         436
xllcorner     118.75757142431
yllcorner     -2.9166665
cellsize      0.008333
NODATA_value  -9999
[rows 300 to 329 of 436, columns 207 to 275 of 382]
6.559204 6.537525 6.516895 6.494558 6.473949 6.453407 6.726426 6.708687 6.690197 7.002595 6.652566 6.629632 6.94219 6.925365 6.905489 6.885702 6.865996 6.512088 6.195929 6.173647 6.154297 6.136743 6.409328 6.391206 6.082498 6.352431 6.336362 6.317702 6.299142 6.28068 6.262321 6.244055 6.225906 6.207834 6.189863 6.171983 6.154198 6.136505 6.118914 6.101411 6.084002 6.06493 5.756527 5.737957 6.014435 5.998353 5.981467 5.964709 5.94802 5.931423 5.622049 5.89535 5.882309 5.895693 5.879848 5.863755 5.527118 5.5056 5.489732 5.473966 5.458283 5.442676 5.427163 5.411712 5.396342 5.701285 5.692038 5.676914 5.661846
6.545689 6.817173 6.800765 6.486941 6.464027 6.445406 6.718883 6.701262 7.013694 6.996849 6.976758 6.956788 6.937062 6.917282 6.897578 6.877959 6.858417 6.504521 6.18855 6.166527 6.147323 6.421412 6.403592 6.093295 6.364597 6.34879 6.330156 6.311611 6.293163 6.274811 6.256558 6.238396 6.220347 6.204336 6.184518 6.166709 6.149015 6.13141 6.113904 6.096486 6.079157 5.76913 5.750422 6.024679 6.343155 5.997327 5.977072 5.960382 5.943761 5.927229 5.619694 5.889545 5.907931 5.892076 5.875959 5.858001 5.843723 5.505381 5.486064 5.47035 5.454718 5.439161 5.423697 5.408294 5.392971 5.379957 5.685164 5.673678 5.658653
6.534434 6.514293 6.785835 6.47645 6.453794 6.726999 7.044411 7.02741 7.007584 6.987722 6.967921 6.94819 6.928519 6.908921 6.889395 6.869948 6.850573 6.496839 6.181026 6.159156 6.1401 6.414447 6.105012 6.083453 6.358036 6.342236 6.323724 6.305297 6.286965 6.268725 6.250582 6.232526 6.214581 6.52898 6.184491 6.161258 6.143637 6.126123 6.108706 6.091374 6.07413 5.76574 6.03674 6.022926 6.008094 5.991213 5.972528 5.95589 5.939337 5.922873 5.906286 5.597402 5.900784 5.887977 5.87192 5.53326 5.834474 5.503416 5.484173 5.466612 5.451014 5.435508 5.420095 5.406676 5.389491 5.696484 5.68537 5.670314 5.655334
6.522869 6.502928 6.483133 6.463127 6.444939 6.718726 7.034474 7.017663 6.997963 6.978312 6.958715 6.939183 6.919704 6.900293 6.880948 6.861677 6.842473 6.488904 6.173252 6.151538 6.132634 6.407128 6.099383 6.076427 6.351127 6.335456 6.317069 6.298765 6.280551 6.262427 6.244397 6.22645 6.208611 6.191009 6.505062 6.159036 6.138067 6.120647 6.103321 6.086078 6.068921 6.05167 6.034865 6.017967 6.333585 6.321903 5.971141 5.951232 5.934752 5.918357 5.90204 5.59284 5.89458 5.883704 5.867731 5.530837 5.510003 5.816483 5.804343 5.465984 5.447172 5.43172 5.418314 5.723485 5.391685 5.69318 5.681835 5.66895 5.651917
6.511005 6.492958 6.473371 6.453711 6.727528 7.043443 7.027072 7.007545 6.988067 6.968629 6.94924 6.929909 6.910626 6.891405 6.872244 6.853153 6.834122 6.480722 6.165234 6.14368 6.12493 6.399576 6.383641 6.073747 6.344011 6.328456 6.310198 6.292019 6.273928 6.255922 6.238006 6.220171 6.202443 6.18478 6.167424 6.149717 6.132309 6.114985 6.097753 6.080602 6.063534 6.046554 6.029652 6.012835 5.996248 6.311709 5.966229 5.946414 5.930007 5.913684 5.897438 5.588306 5.569271 5.875728 5.863394 5.847353 5.509165 5.812545 5.798547 5.461931 5.443192 5.429702 5.734783 5.723477 5.708025 5.6932 5.678172 6.018043 5.652494
6.500465 6.773078 6.756071 6.738542 7.051794 7.03578 7.016457 6.997159 6.977903 6.958683 6.939504 6.920377 6.901294 6.882265 6.863293 6.844383 6.825529 6.472301 6.15698 6.135588 6.116997 6.391796 6.376116 6.357592 6.339452 6.321241 6.303115 6.285064 6.267097 6.249212 6.231415 6.213696 6.196078 6.178525 6.161058 6.143671 6.126366 6.109141 6.092005 6.074947 6.057971 6.041081 6.024266 6.007535 5.990884 5.974523 5.957829 5.941434 5.925104 5.908855 5.892682 5.585498 5.564492 5.871177 5.858912 5.843124 5.506727 5.808273 5.473588 5.454491 5.439079 5.746321 5.734725 5.719533 5.702458 5.68934 5.674382 5.65972 5.644637
6.778314 6.763402 6.746169 7.059871 7.04377 7.024666 7.00558 6.986515 6.967484 6.948483 6.929518 6.910598 6.891715 6.872882 6.854099 6.835374 6.8167 6.463647 6.150135 6.127286 6.108839 6.383794 6.368267 6.350043 6.331892 6.313817 6.295825 6.277904 6.260064 6.242304 6.226522 6.207043 6.189523 6.172081 6.154724 6.137442 6.120241 6.103117 6.08608 6.069118 6.052237 6.035438 6.018713 6.002069 5.985503 5.96902 5.952611 5.936298 5.918348 5.902111 5.887755 5.901367 5.564893 5.866504 5.854285 5.838564 5.822673 5.807344 5.469015 5.450181 5.434832 5.742343 5.730596 5.715458 5.380275 5.681662 5.672585 5.655631 5.640822
6.473858 6.748602 7.066712 7.051015 7.032157 7.013299 6.994453 6.975622 6.956819 6.938038 6.919289 6.900578 6.881898 6.863263 6.844673 6.826135 6.807643 6.456656 6.433037 6.123389 6.100478 6.373932 6.360189 6.342129 6.324122 6.306188 6.288332 6.270545 6.252835 6.2352 6.551893 6.203326 6.18278 6.165452 6.146495 6.129324 6.113921 6.096918 6.079981 6.063118 6.046332 6.029628 6.012994 5.99644 5.979962 5.963564 5.947239 5.931008 5.623717 5.602901 5.877762 5.896578 5.880849 5.863335 5.849497 5.833864 5.818288 5.800889 5.464492 5.447591 5.432372 5.738044 5.726336 5.711255 5.695955 5.681303 6.02111 5.655501 5.636892
6.460849 6.73596 7.054469 7.038905 7.020301 7.001692 6.983088 6.964491 6.945917 6.927359 6.908826 6.890326 6.871852 6.853417 6.835021 6.816672 6.798365 6.779952 6.429177 6.405911 6.094751 6.073967 6.349268 6.334011 6.31615 6.298358 6.280642 6.26299 6.245412 6.227907 6.54303 6.196264 6.175853 6.158642 5.850469 5.828562 6.104512 6.090546 6.073712 6.05695 6.040262 6.023654 6.007114 5.990651 5.974262 5.957952 5.941712 5.925564 5.909278 5.602416 5.583529 5.888363 5.875987 5.537874 5.841126 5.829027 5.813519 5.47746 5.458331 5.763944 5.751936 5.73702 5.721949 5.706927 5.691978 5.679201 5.664669 5.647548 5.632843
6.449279 6.724882 7.041882 7.026563 7.008215 6.989855 6.971492 6.953133 6.934788 6.916454 6.898139 6.879852 6.861585 6.843351 6.825151 6.806994 6.788872 6.770813 6.75263 6.400504 6.087592 6.065212 6.339195 6.325677 6.307982 6.290335 6.272759 6.255246 6.239639 6.220444 6.203306 6.185894 6.168747 6.151654 6.134429 5.82465 6.096214 6.083988 6.067276 6.050616 6.034028 6.017518 6.001073 5.984704 5.968407 5.952186 5.936034 5.919971 5.903963 5.887788 5.901736 5.886515 5.870793 5.534381 5.836097 5.824052 5.808615 5.793005 5.777722 5.762704 5.747545 5.732448 5.717436 5.704552 5.689745 6.027301 6.016699 5.647178 5.628676
6.729607 7.04549 7.03206 7.014001 6.995908 6.977798 6.959679 6.941556 6.923442 6.905333 6.887237 6.869163 6.851104 6.833073 6.815072 6.797106 6.779173 6.761297 6.743443 6.393228 6.370038 6.059138 6.03882 6.314272 6.299622 6.282123 6.26469 6.249173 6.562611 6.215749 6.195595 6.178487 6.161465 6.144494 6.127594 5.817723 5.79807 6.074455 6.060676 6.04412 6.027635 6.009546 5.99486 5.978603 5.962399 5.946269 5.930206 5.914229 5.898306 5.882632 5.896492 5.881106 5.865459 5.849636 5.834379 5.818944 5.803577 5.788275 5.773041 5.757875 5.74278 5.727748 5.712799 6.052658 6.043805 5.672772 5.653891 5.638966 5.624394
7.047277 6.701956 7.014216 7.001215 6.983393 6.965531 6.947655 6.929769 6.911887 6.894003 6.876128 6.858268 6.840418 6.822592 6.804789 6.787018 6.769274 6.751582 6.733908 6.716066 6.366103 6.051725 6.029854 6.303956 6.289465 6.273711 6.256438 6.57165 6.225299 6.204929 6.187889 6.170909 6.154012 6.137163 6.118724 5.810612 5.790921 6.067585 6.055792 6.037485 6.021085 5.713669 5.985525 5.97235 5.956241 5.940204 5.924231 5.908344 5.892508 5.906524 5.891189 5.875556 5.85999 5.844496 5.829065 5.813703 5.798409 5.783178 5.768015 5.752918 5.73789 5.722925 5.70804 5.693494 6.033151 5.669947 5.649113 5.63451 5.622085
6.703204 6.685617 6.668268 6.985344 6.968858 6.953049 6.935433 6.917784 6.900133 6.882475 6.86482 6.847176 6.829536 6.811914 6.794312 6.776735 6.759181 6.741675 6.724183 6.706728 6.689119 6.337244 6.023461 6.003677 5.988007 6.262464 6.248008 6.2311 6.21389 6.196918 6.180011 6.163162 6.146392 6.128052 5.821933 5.801973 5.785416 6.060572 6.380938 6.035914 6.014399 5.997963 5.982025 5.965949 5.949936 5.933993 5.918113 5.902316 5.886568 5.900696 5.887458 5.869892 5.854385 5.83897 5.823618 5.808331 5.793113 5.777955 5.762863 5.747837 5.732877 5.717979 5.703161 5.690436 5.67406 6.013584 5.648467 5.629941 5.972056
6.689132 6.671936 6.656499 6.970429 6.623436 6.935532 6.923004 6.905608 6.888189 6.870758 6.853323 6.835894 6.818465 6.801048 6.783646 6.766266 6.748903 6.731584 6.714272 6.696997 6.67975 6.328004 6.015812 5.994461 6.26889 6.254806 6.23939 6.222461 6.205573 6.18874 6.171968 6.155251 6.136976 5.8306 6.102115 6.088794 6.072395 6.056215 6.372223 6.361162 6.012641 5.991444 5.97538 5.959402 5.943487 5.92764 5.911853 5.896148 5.880657 5.894708 6.234352 5.869855 5.850659 5.833337 5.818041 5.802832 5.78769 5.772606 5.757587 5.744615 5.727766 5.712914 5.698163 6.038234 5.673076 5.654561 5.639723 5.627291 5.967791
6.675007 6.658081 6.973853 6.625587 6.606986 6.590044 6.90747 6.893252 6.876063 6.858858 6.841644 6.82443 6.807212 6.790002 6.7728 6.755617 6.738446 6.721313 6.704185 6.687089 6.670016 6.318442 6.298134 5.989709 5.970025 5.951546 6.227693 6.213838 6.197092 6.180399 6.163763 6.147178 5.839399 6.111116 6.097779 6.081423 6.065124 6.048882 6.034796 6.350896 6.338021 5.989944 5.968607 5.952711 5.936896 5.921146 5.905455 5.889843 5.904086 5.888922 5.873772 6.215119 6.203633 5.833525 5.812358 5.797206 5.782141 5.767133 5.752189 6.092577 5.726404 5.707729 5.693047 5.67871 5.663841 5.649321 5.634866 5.977382 5.967232
6.659186 6.644049 6.625966 6.317148 6.589375 6.576861 6.892955 6.878979 6.861972 6.846769 6.829792 6.812794 6.795786 6.778781 6.761782 6.744794 6.727816 6.710871 6.693928 6.67701 6.660114 6.310493 6.288723 6.270135 6.253386 5.946542 6.218775 6.205053 6.188451 6.171899 6.1554 6.138949 6.122369 6.106223 6.089938 6.073703 6.057524 6.041399 6.359266 6.347022 6.331074 6.314934 5.965098 5.945881 5.930166 5.914515 5.898921 5.88357 5.897763 5.882666 5.867312 6.207321 6.197865 6.182415 5.812353 5.793444 5.778517 5.761561 5.746671 5.734049 5.717143 5.702429 5.687816 5.673247 5.660815 5.644315 5.629901 5.972765 5.962397
6.350306 6.627472 6.320148 6.302351 6.284422 6.561009 6.547183 6.530458 6.513778 6.829792 6.817758 6.800991 6.784194 6.767395 6.750597 6.733807 6.717021 6.700264 6.683505 6.666768 6.650047 6.633173 6.282021 5.969343 5.949802 6.224761 6.212598 6.196113 6.181431 6.16326 6.146884 6.130569 6.114321 6.098106 6.081946 6.065835 6.049777 6.033771 6.351998 6.339626 6.323787 6.308008 5.959862 5.938931 5.923302 5.907751 5.892254 5.906629 5.891598 5.87628 5.861017 5.84608 6.188082 6.176681 6.161377 6.14643 6.131464 5.761723 5.74303 6.083542 5.717574 5.697034 5.682472 5.669987 6.007938 5.645333 5.62485 5.967755 5.95745
6.335612 6.613154 6.30595 6.58042 6.273487 6.546165 6.532441 6.515986 6.500973 6.484614 6.80272 6.789029 6.772442 6.755849 6.739253 6.722659 6.706067 6.689498 6.672924 6.656367 6.639823 6.623299 6.27214 5.959445 5.940084 5.925341 6.200445 6.187019 6.503358 6.157423 6.13822 6.122041 6.104345 6.089827 6.073811 6.057824 6.041888 6.026002 6.342528 6.330276 6.316346 6.300694 6.284834 5.936916 5.916321 5.900854 5.885616 5.899954 5.886937 5.869791 5.854596 5.839481 6.181835 6.170523 6.155579 6.140693 6.125868 6.110798 6.096106 6.08172 6.066821 5.697248 5.679048 6.019407 5.654917 5.990522 5.623673 5.962639 5.952398
6.320901 6.597224 6.291739 6.565099 6.261314 6.241002 6.224775 6.208516 6.483957 6.471898 6.788688 6.7769 6.76054 6.744152 6.727756 6.71136 6.69496 6.67858 6.66219 6.645814 6.629447 6.613096 6.262106 5.951139 5.931937 6.207373 6.193981 6.17778 6.16354 6.147232 6.129428 6.113369 5.806105 6.078539 6.065533 6.049674 6.033861 6.018095 6.00264 5.986955 6.303749 6.293226 6.277734 6.262061 5.914136 5.895659 5.908375 5.89345 6.233375 5.867175 5.848052 5.833027 6.17547 6.164245 6.149387 6.134584 6.119841 6.105148 6.090513 6.075933 6.061412 6.046665 6.032204 6.018187 6.001476 5.989619 5.618389 5.957418 5.947243
6.306067 6.290552 6.274765 6.259113 6.534721 6.229924 6.211278 6.195267 6.179378 6.456596 6.443244 6.761504 6.748492 6.732309 6.716114 6.699914 6.683706 6.667515 6.65131 6.635114 6.618924 6.602747 6.251927 6.232556 6.21645 6.200519 6.184449 6.168397 6.48503 6.472196 6.123721 6.104558 6.086922 6.071314 6.057102 6.041387 6.025699 6.010056 5.994464 5.978917 5.963626 6.280282 6.270248 6.254917 6.239424 6.224124 5.90469 5.886499 5.871679 5.856377 5.841386 5.826454 6.167059 6.157827 6.143078 6.12836 6.113699 6.099088 6.084533 6.070031 6.055588 6.041195 6.026872 6.010604 5.641898 5.978012 5.612975 5.952094 5.941985
6.291132 6.275753 6.260316 6.244784 6.229362 6.213515 6.199265 6.182015 6.16618 6.442289 6.430489 6.74911 6.736308 6.720328 6.704333 6.688329 6.672313 6.65631 6.640289 6.624274 6.608261 6.592257 6.243308 6.22261 6.206632 6.189193 6.174759 6.158877 6.143198 6.127341 6.111377 6.095611 5.788602 5.768338 6.045415 6.032968 6.017405 6.001884 5.986413 5.970984 5.9556 5.940541 6.257456 6.245663 6.232222 6.217381 5.897522 5.879427 5.864434 5.849495 5.834603 5.819763 5.80524 6.145404 6.134705 6.122002 6.107446 6.092917 6.078442 6.064021 6.049655 6.035339 6.021091 5.652049 5.631656 5.617882 5.603475 5.946667 5.936625
6.280054 6.260961 6.24725 6.23048 6.215104 6.202875 6.477556 6.171102 6.153013 6.137511 6.413778 6.73485 6.723977 6.708215 6.692419 6.67661 6.660785 6.64497 6.629133 6.613298 6.597463 6.581633 6.565633 6.215622 6.196507 5.887493 6.162022 6.149222 6.133502 6.117812 6.102158 6.088255 6.070759 5.763763 6.036754 6.02442 6.008984 5.995323 5.978255 5.962925 5.947658 5.932439 5.917509 5.902357 6.221538 6.26266 5.890761 5.872237 5.857343 5.842501 5.829649 5.812978 5.798259 5.783942 5.769323 6.109944 6.10106 6.086637 6.072244 6.057902 6.043615 6.029377 6.015204 6.000744 5.632185 5.613866 5.599859 5.941162 5.931167
6.556867 6.24991 6.524384 6.220075 6.20093 6.811669 6.467998 6.157585 6.139729 6.125782 6.110429 6.385337 6.708499 6.695977 6.680378 6.664763 6.64913 6.633502 6.617848 6.602194 6.586535 6.570878 6.555223 6.205206 6.186252 5.878736 6.152097 6.139438 6.123869 6.108324 6.092813 6.409944 6.065313 6.046276 6.031092 6.015748 6.000438 6.317669 5.973437 5.954745 5.939594 5.924489 5.909423 5.894402 6.214192 6.255191 5.885233 5.864951 5.850136 5.835392 6.175584 5.809831 5.791434 5.776882 5.762374 5.748191 6.090587 6.080249 6.064026 6.049771 6.03745 6.023311 6.009216 5.995156 5.978749 5.966802 5.952941 5.939414 5.923615
6.539248 6.52702 6.512427 6.49747 6.189427 6.463762 6.159338 6.141496 6.126333 6.404422 6.391805 6.084982 6.691631 6.683604 6.668217 6.652796 6.637352 6.62191 6.60644 6.590965 6.575482 6.559998 6.544513 6.196385 6.175888 6.160242 6.144962 6.129528 6.114111 6.098712 6.083344 6.068207 6.052705 6.037419 6.022171 6.006954 5.991771 5.976844 5.961519 5.946445 5.931412 5.916423 5.901469 5.886713 6.259193 6.248113 6.233069 5.863311 5.842837 5.828172 5.813898 5.799016 5.7845 5.770039 5.755622 5.741252 6.082073 6.073735 5.704379 5.686402 6.027309 6.017143 6.001176 5.987197 5.620757 5.957189 5.947486 5.933695 5.565409
6.522471 6.512043 6.497581 6.482997 6.176534 6.157672 6.142669 6.127778 6.112832 6.391289 6.378865 6.363586 6.34881 6.666581 6.655928 6.640713 6.625458 6.610201 6.594913 6.579617 6.56431 6.548998 6.533683 6.518136 6.168571 6.150069 6.13478 6.119498 6.104232 6.088981 6.073756 6.060246 6.04341 6.028244 6.013129 5.998042 5.982987 5.967964 5.95298 5.938029 5.923115 5.908242 5.893402 5.910273 6.251681 6.240375 6.225698 6.210757 5.839156 5.820843 5.808252 5.791896 5.777458 5.76309 5.748764 5.734483 5.720599 6.061356 6.052703 6.03865 6.024874 6.010876 5.642265 5.624217 5.964516 5.955357 5.941597 5.927878 5.91383
6.216529 6.494476 6.48265 6.468297 6.453669 6.14741 6.128651 6.113965 6.099232 6.376442 6.365672 6.352484 6.335866 6.322686 6.640775 6.62852 6.613453 6.59838 6.583273 6.568156 6.553024 6.537884 6.522738 6.507595 6.159656 6.139627 6.12448 6.109352 6.094236 6.079134 6.064053 6.383317 6.037407 6.018955 6.003973 5.989016 5.974089 5.959191 5.946092 5.931256 5.916437 5.899968 5.887244 6.257696 6.24713 6.232526 6.217956 6.20344 5.833505 5.813429 6.15391 5.788427 5.770312 5.756037 5.741802 5.727611 5.713468 5.699685 6.040756 6.032376 6.018431 6.00451 5.990285 5.97648 5.963036 5.949304 5.935613 5.921967 5.908372
6.202298 6.477834 6.467631 6.453517 6.439301 6.424819 6.118539 6.100073 6.08554 6.07112 6.34847 6.670358 6.327639 6.642812 6.63107 6.616223 6.601342 6.586453 6.571527 6.556586 6.541629 6.526659 6.511682 6.496704 6.481496 6.132122 6.114068 6.099093 6.084128 6.069175 6.054237 6.372187 6.027855 6.009555 5.994706 5.97988 5.965081 5.950309 6.267726 6.256568 6.24194 5.895089 6.26204 6.253587 6.239069 6.224572 6.210107 6.195697 6.181002 5.811844 5.791922 5.777295 5.764898 5.748904 5.73474 5.720639 5.706585 5.692569 5.678905 6.020304 6.011867 5.998048 5.984268 5.970517 5.956814 5.943153 5.929537 5.915964 5.900504
6.333825 6.172427 6.449908 6.438665 6.424669 6.410583 6.396255 6.091574 6.071792 6.057384 6.04309 6.32054 6.642813 6.631478 6.616874 6.602162 6.589117 6.574424 6.559677 6.544913 6.530128 6.51533 6.50052 6.485707 6.470886 6.123096 6.103565 6.088727 6.075568 6.059122 6.044315 6.029751 6.016507 6.000063 5.985332 5.970636 5.955966 5.94132 5.926997 5.912387 5.899492 5.883218 5.900511 6.241796 6.229116 6.216494 6.202156 6.18785 6.173567 6.158955 5.789843 5.769867 6.111004 5.747481 5.727599 5.713569 5.699605 5.685676 5.671791 5.65823 5.999428 5.991472 5.977792 5.964121 5.950495 5.936911 5.923369 5.909871 5.541854
6.467237 6.302873 6.434783 6.423747 6.409968 6.396096 6.382139 6.701058 6.065188 6.043742 6.029491 6.015392 6.294476 6.282725 6.268266 6.253845 6.572241 6.562283 6.54773 6.533142 6.518529 6.503901 6.489257 6.474608 6.459948 6.445081 6.097983 6.07995 6.396318 6.051919 6.034288 6.019648 6.337306 5.995432 5.975872 5.961288 5.946747 5.932228 5.91774 5.903275 6.221323 5.907775 6.247321 6.235137 5.865183 6.202789 6.194086 6.179904 6.165724 6.151583 6.137133 5.766116 5.74856 6.089151 5.724155 5.706403 5.692528 5.678688 5.66489 5.651133 5.637763 5.979173 5.971202 5.957633 5.944086 5.930578 5.917113 5.901812 5.887956
6.451713 6.141911 6.418161 6.410346 6.395219 6.381543 6.367795 6.354134 6.339872 6.034033 6.015971 6.001863 6.279723 6.269586 6.255349 6.239641 6.226911 6.546845 6.53569 6.521276 6.506835 6.492375 6.477897 6.463411 6.448913 6.434406 6.41963 6.405137 6.058139 6.038679 6.02416 6.009662 5.995476 6.313174 5.969856 5.95184 5.937428 5.923036 5.908671 5.894328 5.88041 5.895556 6.237216 5.871186 5.853169 5.83931 6.180572 6.17184 6.157784 6.143745 6.129738 5.760311 5.740747 5.729061 5.712992 5.699143 5.685359 5.671608 5.657897 5.644226 5.630597 5.617334 5.958568 5.949171 5.935639 5.922237 5.908875 5.540547 5.52343
