hazard/palu_koro_6.5_shakemap.asc
ncols         382
nrows         436
xllcorner     118.75757142431
yllcorner     -2.9166665
cellsize      0.00833
NODATA_value  -9999
[rows 390 to 419 of 436, columns 272 to 339 of 382]
4.901696 4.911962 5.031674 5.035619 4.887114 5.004148 5.010228 5.004611 5.043701 4.991916 4.873893 4.858829 4.859478 4.856494 4.852173 4.849167 4.857388 4.958403 4.963183 4.951163 4.842743 4.823583 4.822176 4.944014 4.943645 4.923691 4.807911 4.804767 4.917227 4.923127 4.919833 4.918894 4.91092 4.906156 4.89143 4.775944 4.897614 4.897649 4.894125 4.890604 4.887077 4.883569 4.880057 4.886208 4.872967 4.875048 4.885873 5.00893 4.999888 4.872463 4.851971 4.848565 4.845086 4.847453 4.968951 4.964206 4.838629 4.827749 4.82429 4.820853 4.81404 4.797677 4.692091 4.803197 4.803624 4.800186 4.805038 4.793327
4.89732 5.03238 5.036549 5.01325 4.895078 4.888581 4.986195 5.048267 5.28527 5.039446 4.878203 4.855558 4.852147 4.848649 4.848804 4.841619 4.838073 4.838667 4.847222 4.94883 4.944671 4.834058 4.827851 4.941152 4.936405 4.821622 4.804092 4.811334 4.923479 4.922972 4.916196 4.900579 4.793609 4.780934 4.776107 4.772548 4.895366 4.894881 4.891377 4.887878 4.884377 4.880882 4.887494 5.026583 4.881676 4.866883 4.867332 4.988879 4.997541 4.977864 4.855278 4.846066 4.842609 4.839142 4.842383 4.839431 4.828773 4.825345 4.821905 4.818465 4.815034 4.811626 4.803648 4.804754 4.801338 4.797925 4.794509 4.791111
4.892858 5.01632 4.903451 4.89652 5.002789 4.876435 4.880075 4.972991 5.044765 4.991819 4.97167 4.865813 4.848777 4.849032 4.960717 4.855656 4.834834 4.831407 4.82786 4.839877 4.941238 4.946401 4.94113 4.940973 4.937488 4.930344 4.927008 4.92364 4.923514 4.91553 4.798344 4.785058 4.782984 4.897971 4.790598 4.769689 4.89223 4.892105 4.888621 4.885142 4.881661 4.878185 4.874698 4.882687 4.867739 4.864302 4.86082 4.874355 4.977488 4.870788 4.846954 4.84356 4.840115 4.836675 4.833252 4.822372 4.826371 4.822937 4.819513 4.816089 4.812672 4.809259 4.805852 4.802442 4.799043 4.795648 4.792252 4.788864
4.887833 4.885595 4.880663 4.877254 4.876895 4.872756 4.987087 4.874321 4.987334 4.981071 4.98294 4.965485 4.857977 4.844014 4.959502 4.953824 4.847708 4.831902 4.824708 4.821205 4.832444 4.931794 4.941372 4.937892 4.934428 4.930951 4.92748 4.924007 4.920534 4.92855 4.795741 4.779542 4.776125 4.793493 4.892298 4.780114 4.889193 4.889321 4.885858 4.882398 4.878936 4.875481 4.872025 4.868566 4.86512 4.861674 4.858228 4.857927 4.854249 4.847825 4.844472 4.84104 4.837615 4.83427 4.80826 4.704076 4.818064 4.820519 4.81711 4.813702 4.810289 4.811875 4.803463 4.805085 4.79671 4.793357 4.78998 4.791739
5.022383 5.00951 5.003927 4.983597 4.882249 4.867348 4.86414 4.868838 4.983981 4.866552 4.975773 4.976139 4.958147 4.850062 4.837484 4.846351 4.948383 4.946663 4.838255 4.818037 4.814583 4.823548 4.935054 4.934826 4.926309 4.927949 4.924464 4.921004 4.932995 5.104326 4.908822 4.790022 4.773198 4.769729 4.782872 4.882196 4.889981 4.886528 4.883086 4.879645 4.876204 4.872767 4.869332 4.865898 4.862465 4.859035 4.861318 4.981696 4.976196 4.851825 4.84192 4.838512 4.835156 4.809286 4.703621 4.800037 4.826988 4.822623 4.818604 4.815174 4.824877 4.9297 4.821321 4.922997 4.812646 4.795005 4.791464 4.799416
5.122858 5.060324 5.047068 5.045272 5.032202 5.018047 4.944335 4.976645 4.979408 4.855646 4.956941 4.97274 4.969364 4.952478 4.845597 4.830488 4.839492 4.94298 4.935246 4.819754 4.811476 4.819759 4.932399 4.927778 4.811381 4.909064 4.917559 4.918014 4.927899 5.094621 4.927453 4.887956 4.783527 4.766865 4.766026 4.876706 4.882859 4.883736 4.880306 4.876885 4.873463 4.870045 4.866629 4.863215 4.8598 4.856388 4.85294 4.853082 4.849513 4.842745 4.839371 4.835979 4.826169 4.706125 4.800875 4.846033 4.949946 4.956434 4.952812 4.949153 4.946039 4.946673 4.938432 4.939949 4.932711 4.929077 4.925623 4.908253
5.348921 5.329558 5.321112 5.318159 5.318644 5.298285 5.20045 5.002889 5.016509 4.946464 4.848562 4.96383 4.965972 4.960601 4.95719 4.940662 4.824994 4.821489 4.818836 4.811708 4.822506 4.923301 4.932023 4.924434 4.804573 4.792636 4.800314 4.904742 4.92274 4.921053 4.90473 4.9014 4.883715 4.777349 4.761912 4.758929 4.766211 4.87649 4.87752 4.874117 4.870714 4.867314 4.863917 4.860523 4.857126 4.853714 4.874816 4.980775 4.866182 4.840121 4.836807 4.833427 4.830061 4.820496 4.828824 4.950588 4.961036 4.957658 4.9543 4.950943 4.947591 4.944243 4.9409 4.937555 4.93422 4.930887 4.927555 4.924256
5.362525 5.354292 5.346035 5.337891 5.311861 5.094226 5.010599 5.007999 5.242458 5.088943 4.965744 4.965953 4.958467 4.841722 4.82945 4.825194 4.821249 4.817828 4.81418 4.811504 4.921783 4.929932 4.928954 4.925566 4.906961 4.800168 4.78416 4.852674 5.080614 4.91844 4.901785 4.898427 4.895056 4.888516 4.884949 4.880934 4.877514 4.878108 4.874725 4.871342 4.867959 4.870631 4.866429 4.857814 4.854446 4.857828 4.982213 4.857293 4.971009 4.843634 4.834229 4.830873 4.827515 4.824148 4.839239 4.959065 4.958559 4.955205 4.951864 4.948528 4.945189 4.941856 4.938528 4.935202 4.931885 4.928563 4.925245 4.921936
5.353384 5.3452 5.337005 5.32894 5.288072 5.023668 4.978606 4.977005 5.081668 5.249347 5.065915 4.964565 4.954223 4.837799 4.822011 4.822374 4.932344 4.941638 4.926852 4.807712 4.803668 4.811272 4.909339 4.922469 4.919135 4.90119 4.783489 4.909648 5.087597 4.917584 4.898831 4.895484 4.892119 4.888752 4.885386 4.882027 4.878658 4.875287 4.871923 4.868559 4.871666 4.99634 4.986535 4.861722 4.851749 4.848374 4.869009 4.972299 4.971454 4.840914 4.831649 4.828311 4.82497 4.826982 4.945776 4.956988 4.951787 4.952797 4.949488 4.940513 4.94282 4.939465 4.936152 4.932892 4.923907 4.926272 4.922931 4.91964
5.344246 5.336122 5.32799 5.320025 5.277061 5.010754 4.975524 4.972365 4.97203 5.053892 5.214638 4.988784 4.956064 4.939294 4.822529 4.815415 4.826534 4.938353 4.923384 4.81421 4.811245 4.913933 4.80619 4.904526 4.912924 4.898881 4.790009 4.900227 4.9195 4.899186 4.895881 4.892537 4.889191 4.885843 4.882516 4.874554 4.870992 4.872467 4.869115 4.865771 4.862416 4.866031 4.861797 4.852384 4.849064 4.845726 4.842336 4.845045 4.841543 4.832375 4.82907 4.825742 4.822418 4.81909 4.821262 4.817362 4.826451 4.934487 4.929289 4.819172 4.922453 4.93714 4.933901 4.911362 4.802155 4.906303 4.920666 4.917473
5.33511 5.327049 5.318985 5.311 5.259598 5.002755 4.972072 4.968881 4.965337 5.038826 5.240421 4.992321 4.952652 4.934384 4.81901 4.812133 4.823383 4.922428 4.818818 4.916642 4.925385 4.909537 4.791437 4.787368 4.784633 4.789711 4.892247 4.902888 4.899564 4.896235 4.89291 4.889583 4.886256 4.882934 4.874913 4.754527 4.754175 4.8652 4.866302 4.862976 4.859649 4.856319 4.852998 4.849685 4.846363 4.843045 4.839727 4.836406 4.833089 4.829785 4.826476 4.823165 4.81986 4.816556 4.81325 4.809944 4.806606 4.808258 4.804605 4.796648 4.810421 4.917437 4.91476 4.801699 4.780249 4.795873 4.904848 4.90763
5.325971 5.318292 5.309946 5.291949 5.210586 4.990524 4.968484 4.965521 5.024131 5.201654 5.232599 4.987331 4.94034 4.830299 4.812037 4.814139 4.928123 4.820727 4.798835 4.812416 4.920681 4.798971 4.820956 4.786125 4.780628 4.78686 4.899739 4.899845 4.896585 4.888351 4.889936 4.886621 4.894993 4.880004 4.871727 4.75583 4.854278 4.866792 4.863477 4.860171 4.856864 4.85356 4.850257 4.846957 4.843654 4.840354 4.837056 4.833758 4.830458 4.827166 4.823874 4.820581 4.817293 4.814007 4.810727 4.807438 4.804157 4.800874 4.797599 4.794328 4.791007 4.791032 4.787725 4.781209 4.778014 4.765667 4.781775 4.772223
5.316827 5.308486 5.300946 5.299222 5.25318 5.034584 4.965001 5.018938 5.193826 5.244921 5.222992 5.014128 4.946023 4.926616 4.811963 4.805511 4.80725 4.802256 4.798274 4.907598 4.919257 4.832983 5.071308 4.923954 4.903428 4.899767 4.900078 4.896852 4.87673 4.77419 4.882349 4.896495 5.041037 4.890382 4.873878 4.867999 4.867249 4.863937 4.865697 4.862825 4.859371 4.856086 4.852086 4.844193 4.840937 4.837656 4.834374 4.831082 4.832897 4.824512 4.821263 4.817988 4.814717 4.811452 4.801697 4.804951 4.801653 4.798389 4.79513 4.791873 4.794945 4.91889 4.791368 4.772419 4.77056 4.650982 4.765692 4.638046
5.307683 5.299165 5.291917 5.294264 5.276134 -9999 5.041703 5.192208 5.244051 5.236249 5.228657 5.163013 4.965641 4.932584 4.817701 4.802185 4.803895 4.917705 4.795607 4.804148 4.914712 4.907616 4.857226 4.896954 4.903581 4.900265 4.897011 4.889892 4.772213 4.757857 4.880414 4.880701 4.890496 4.874153 4.866101 4.751699 4.84692 4.86943 4.986513 4.997085 4.993723 4.990513 4.977013 4.861298 4.838116 4.834933 4.835833 4.845874 4.951215 4.840241 4.82264 4.819354 4.816827 4.805206 4.682307 4.783343 4.799147 4.795879 4.796813 4.793633 4.788974 4.788763 4.771372 4.653656 4.758662 4.767212 4.710822 4.36889
5.298634 5.290716 5.282882 5.27876 5.267206 5.259205 5.233986 5.243452 5.235548 5.22758 5.219972 5.159441 5.003146 4.938096 4.91542 4.811448 4.795663 4.797945 4.791683 4.906683 4.901277 4.792264 4.777096 4.783687 4.881097 4.897188 4.893937 4.886772 4.759089 4.755244 4.866703 4.877765 4.874472 4.871233 4.863594 4.743236 4.739182 4.839341 4.864305 4.861628 4.851229 4.866872 4.976422 4.971716 4.854283 4.849178 4.958264 4.966608 4.966997 4.959894 4.956299 4.95338 4.950284 4.931048 4.792036 4.691971 4.789339 4.811133 4.919235 4.927708 4.910898 4.796835 4.777112 4.752628 4.653135 4.65061 4.471743 3.911498
-9999 -9999 -9999 5.266054 5.258235 5.250432 5.242564 5.234718 5.226827 5.218984 5.189603 4.995013 5.165644 5.009397 4.932265 4.909489 4.804863 4.789198 4.802006 4.901588 4.793038 4.786254 4.890244 4.885085 4.77448 4.888671 4.89086 4.884564 4.768221 4.752552 4.75779 4.859159 4.871528 4.863255 4.865108 4.846105 4.738373 4.733703 4.836589 4.832919 4.727155 4.725729 4.844341 4.969332 4.975011 4.971534 4.968628 4.96758 4.964296 4.961065 4.957843 4.954618 4.951399 4.948232 4.937455 4.893239 4.812825 4.918772 4.932137 4.928903 4.925773 4.904889 4.792766 4.781873 4.761878 4.610765 4.152127 3.323385
-9999 -9999 5.264821 5.257076 5.249323 5.241552 5.233762 5.225955 5.218143 5.210365 5.181718 4.980928 4.986476 5.147212 4.988549 4.924206 4.902769 4.799371 4.905411 4.797142 4.7783 4.888237 4.900562 4.893179 4.889928 4.890966 4.884089 4.882435 4.879536 4.866812 4.755196 4.751254 4.866331 4.748106 4.858433 4.859013 4.840021 4.736554 4.720669 4.718052 4.712315 4.709078 4.718826 4.834724 4.8367 4.832572 4.841174 4.947561 4.957104 4.958465 4.955207 4.951999 4.948796 4.945595 4.942399 4.939256 4.931332 4.932815 4.92961 4.926414 4.923227 4.920062 4.914829 4.909396 4.777178 4.370887 3.645174 2.63706
-9999 5.263452 5.25579 5.248102 5.240406 5.232693 5.224956 5.217209 5.209449 5.201701 5.194168 5.16834 5.126047 4.959548 5.120204 4.967602 4.916664 4.896334 4.794498 4.777626 4.774539 4.782401 4.894706 4.772564 4.886672 4.884826 4.76773 4.754144 4.763663 4.865889 4.860101 4.751659 4.863219 4.743559 4.85568 4.852642 4.738322 4.842054 4.732399 4.716196 4.713111 4.706326 4.705514 4.826715 4.82727 4.824066 4.820828 4.822146 4.831106 4.937175 4.952587 4.949376 4.946188 4.943004 4.939821 4.936638 4.933458 4.930278 4.927101 4.923923 4.92075 4.917582 4.916086 4.839655 4.493193 3.828869 2.891232 1.812657
-9999 -9999 5.247321 5.239131 5.231492 5.223835 5.216152 5.208462 5.200764 5.193028 5.159202 4.966797 5.152157 5.147367 5.155077 5.095367 4.926656 4.909917 4.903209 4.900242 4.884789 4.778558 4.891387 4.886016 4.887894 4.881223 4.75429 4.747906 4.744695 4.757134 4.858712 4.863308 4.862616 4.854803 4.856263 4.848968 4.720593 4.732329 4.831787 4.83845 4.823744 4.719039 4.701766 4.812819 4.824533 4.821344 4.818173 4.814989 4.811735 4.827465 4.945075 4.946746 4.943576 4.940408 4.937242 4.934073 4.93091 4.927747 4.924587 4.921425 4.91827 4.915774 4.865854 4.568767 3.943731 3.036556 1.985125 1.057321
-9999 -9999 5.237735 5.230152 5.222558 5.214964 5.207358 5.199713 5.192064 5.184416 5.176805 5.154281 5.153967 5.141519 5.107292 4.959826 4.909793 4.9066 4.903491 4.900379 4.897277 4.889729 4.891011 4.887885 4.884809 4.865676 4.750144 4.749756 4.741674 4.73849 4.750179 4.850257 4.859671 4.85647 4.853318 4.8459 4.728535 4.714445 4.712136 4.708982 4.716952 4.818672 4.709714 4.704668 4.818546 4.818676 4.811418 4.80761 4.815411 4.932236 4.947356 4.944112 4.940958 4.937806 4.934657 4.931505 4.928357 4.925211 4.922066 4.918921 4.915923 4.895111 4.660396 4.087399 3.18452 2.118604 1.17383 0.4863096
-9999 -9999 -9999 -9999 -9999 -9999 -9999 5.190995 5.183372 5.175786 5.168457 5.123278 4.972583 4.938058 4.929593 4.902241 4.9013 4.903359 4.900227 4.897149 4.888999 4.890937 4.887827 4.884725 4.876878 4.762872 4.747345 4.864481 4.758193 4.735435 4.732329 4.743237 4.842631 4.853518 4.857788 4.847267 4.840465 4.838283 4.834799 4.830967 4.828928 4.825441 4.812137 4.693397 4.803822 4.80052 4.694217 4.690078 4.800807 4.823593 4.928164 4.941487 4.938334 4.935198 4.932065 4.92893 4.925798 4.922668 4.91954 4.916431 4.91008 4.747208 4.268961 3.435292 2.326041 1.315404 0.5703417 0.1438288
-9999 -9999 -9999 -9999 -9999 -9999 -9999 5.180279 5.174848 5.167477 5.120995 4.970372 4.907895 4.90524 4.891268 4.786987 4.78345 4.884024 4.897027 4.889624 4.773777 4.882803 4.897092 4.881545 4.878501 4.860028 4.743408 4.755563 4.856706 4.749519 4.729306 4.726206 4.736709 4.843941 4.982571 4.871618 4.841287 4.833965 4.830892 4.831905 4.823728 4.70446 4.820075 4.700963 4.687551 4.684366 4.680419 4.677749 4.788229 4.80062 4.814899 4.934927 4.935704 4.932585 4.929468 4.926349 4.923234 4.92012 4.917015 4.914393 4.798485 4.406216 3.687352 2.68653 1.569424 0.7118199 0.2005034 0.009149666
-9999 -9999 -9999 -9999 -9999 -9999 -9999 -9999 -9999 5.150503 4.975724 4.88968 4.79114 4.781085 4.77773 4.772305 4.771373 4.778619 4.878804 4.887972 4.759041 4.897102 5.042922 4.891633 4.87534 4.86837 4.750523 4.737292 4.852736 4.851063 4.730711 4.723239 4.720102 4.733934 4.864782 4.976539 4.841908 4.718149 4.711257 4.813334 4.823169 4.820103 4.818612 4.814342 4.809707 4.80664 4.792972 4.684906 4.679549 4.779067 4.800778 4.9326 4.933069 4.929966 4.926866 4.923763 4.920664 4.917571 4.915668 4.829998 4.484526 3.828079 2.898767 1.82862 0.9030319 0.2957953 0.02976803 -0.000230672
-9999 -9999 -9999 -9999 -9999 -9999 -9999 -9999 4.964427 5.095779 4.92903 4.792822 4.777925 4.775 4.775436 4.784016 4.886503 4.879541 4.775391 4.885079 4.755639 4.865037 4.885311 4.875177 4.872171 4.86916 4.850927 4.742495 4.741288 4.844252 4.740815 4.720176 4.717161 4.714009 4.727335 4.843375 4.835361 4.828077 4.814312 4.704657 4.694767 4.6913 4.698783 4.811134 4.810691 4.807599 4.804628 4.783096 4.676777 4.675525 4.787777 4.929701 4.930429 4.927341 4.924257 4.921171 4.918091 4.91573 4.862973 4.559513 3.932741 3.028683 1.98222 1.059612 0.401768 0.06708596 -0.0008904898 -5.818188e-008
-9999 -9999 -9999 -9999 -9999 -9999 -9999 -9999 4.9278 4.925837 4.90471 4.779842 4.7746 4.789728 4.889907 4.883899 4.776908 4.761925 4.757419 4.882081 4.76099 4.790356 5.012706 4.881646 4.869013 4.865985 4.863002 4.844291 4.735556 4.737293 4.843627 4.737131 4.71416 4.711104 4.710401 4.831016 4.840227 4.829379 4.820938 4.704726 4.803544 4.699604 4.685795 4.808536 4.802291 4.80485 4.795572 4.67627 4.779521 4.788059 4.795096 4.915832 4.927799 4.924713 4.921644 4.918575 4.91568 4.893089 4.654036 4.077446 3.174459 2.110856 1.169375 0.4849485 0.1064496 -0.0007107835 -1.756398e-007 4.427557e-017
-9999 -9999 -9999 -9999 -9999 4.928257 -9999 4.92731 5.096932 4.932026 4.902558 4.786604 4.774508 4.89011 4.783418 4.764832 4.769565 4.870437 4.768507 4.879032 4.862303 4.747032 4.877859 4.868882 4.865865 4.862849 4.859833 4.856867 4.838241 4.730002 4.733385 4.838509 4.762529 4.707993 4.70768 4.842529 4.965815 4.848415 4.830998 4.813298 4.817347 4.804756 4.73174 4.793993 4.682675 4.79669 4.799016 4.7905 4.792916 4.789875 4.778877 4.805746 4.921959 4.92208 4.919026 4.916004 4.908238 4.738596 4.255177 3.420135 2.314198 1.307854 0.5664952 0.1425412 0.001829718 -7.445998e-007 1.208912e-016 0
-9999 -9999 -9999 -9999 -9999 4.902816 4.792095 4.787592 4.847885 4.897132 4.904326 4.885307 4.779555 4.767431 4.762934 4.76987 4.872471 4.883593 4.87772 4.87766 4.870661 4.751837 4.848832 4.86572 4.86271 4.859711 4.856713 4.853715 4.850849 4.828938 4.715437 4.767392 4.947289 4.731171 4.703684 4.812557 4.857445 4.945291 4.955225 4.84588 4.807319 4.708306 4.909935 4.707204 4.786396 4.799301 4.796265 4.793222 4.790189 4.780767 4.660856 4.756266 4.903922 4.919497 4.916418 4.912711 4.784853 4.383904 3.661337 2.662356 1.553863 0.7038059 0.1975412 0.008746538 -1.882957e-005 -2.010008e-012 3.910389e-029 0
-9999 -9999 -9999 -9999 -9999 4.83454 4.781376 4.782471 4.775731 4.787036 4.883764 4.782426 4.884174 4.888751 4.88579 4.882703 4.883255 4.873855 4.755857 4.869967 4.868111 4.852441 4.742654 4.857166 4.859559 4.856572 4.853594 4.850659 4.827654 4.726467 4.721725 4.825577 4.834439 4.718713 4.699061 4.698204 4.698502 4.734901 4.836389 4.948843 4.821082 4.804264 4.811581 4.799022 4.799543 4.796584 4.787162 4.790485 4.787457 4.784482 4.762619 4.656655 4.791842 4.906249 4.914639 4.803539 4.442286 3.783281 2.85808 1.799443 0.8863869 0.2887252 0.0282536 -0.0002092909 -1.036422e-009 1.258025e-022 0 0
-9999 -9999 -9999 -9999 4.903014 4.785033 4.783845 4.897632 4.778375 4.769643 4.770565 4.766085 4.878713 4.888697 4.88573 4.882813 4.8912 4.87702 4.870802 4.868023 4.763023 4.852926 4.858204 4.859399 4.851609 4.853438 4.850475 4.840888 4.721474 4.827811 4.825776 4.718964 4.717481 4.821178 4.701027 4.695883 4.692667 4.686843 4.700024 4.804361 4.808771 4.805732 4.802729 4.799735 4.796776 4.770991 4.667731 4.782295 4.784726 4.781731 4.773688 4.656418 4.768082 4.790368 4.777724 4.458303 3.833803 2.950073 1.927818 1.027751 0.3870655 0.06295233 -0.000826313 -4.713808e-008 1.329094e-018 0 0 0
-9999 4.91954 4.910614 4.797326 4.782374 4.813249 4.815806 4.77966 4.769065 4.771442 4.763347 4.760486 4.771059 4.871292 4.878355 4.888077 5.033124 4.879078 4.749174 4.869078 4.962286 4.758951 4.857018 4.840066 4.737548 4.846524 4.847346 4.853414 4.819086 4.719965 4.707122 4.703241 4.70078 4.700355 4.695765 4.811728 4.803989 4.688159 4.681232 4.690479 4.790591 4.802888 4.805525 4.802899 4.785812 4.667484 4.766557 4.784993 4.781991 4.779004 4.776024 4.769649 4.771492 4.707786 4.438216 3.84513 2.983969 1.983479 1.09771 0.4527329 0.0968939 -0.0008626537 -1.801222e-007 4.479171e-017 0 0 0 0
