hazard/palu_koro_6.5_shakemap.asc
ncols         382
nrows         436
xllcorner     118.75757142431
yllcorner     -2.9166665
cellsize      0.008333
NODATA_value  -9999
[rows 390 to 419 of 436, columns 69 to 137 of 382]
5.184354 5.192771 5.201159 5.209517 5.217844 5.226131 5.234352 5.241971 4.972849 4.975094 5.266211 4.983274 5.28214 4.989497 4.991179 4.994343 5.313298 5.322793 5.330493 5.337659 5.345278 5.353602 5.361039 5.044576 5.049936 5.057417 5.38878 5.398229 5.405466 5.411918 5.419047 5.101885 5.431978 5.439965 5.122558 5.128029 5.134987 5.141528 5.148046 5.154489 5.161439 5.167056 5.173279 5.179422 5.185479 5.191452 5.197336 5.203232 5.532726 5.540545 5.546191 5.551612 5.556709 5.561958 5.243659 5.570744 5.577224 5.582038 5.586746 5.591345 5.595837 5.600217 5.96309 5.610627 5.612681 5.616601 5.620409 5.30024 5.301428
5.174308 5.182652 5.190967 5.199249 5.207503 5.215716 5.223404 4.965482 4.967575 4.970808 5.255471 5.264231 5.272274 5.280159 4.98791 4.989872 4.993041 5.31057 5.319165 5.00175 5.008284 5.340041 5.348733 5.356788 5.039352 5.045395 5.052795 5.384108 5.392615 5.075752 5.081276 5.088133 5.095096 5.10198 5.108624 5.115307 5.121926 5.12847 5.13494 5.141333 5.471714 5.15552 5.160035 5.166106 5.172091 5.177992 5.183805 5.189529 5.195319 5.524736 5.532381 5.537737 5.542993 5.548152 5.553037 5.55817 5.563025 5.567779 5.572425 5.576965 5.581398 5.585722 5.590091 5.594035 5.598861 5.601896 5.605647 5.286012 5.2874
5.164264 5.172533 5.180774 5.188983 5.197164 5.20483 4.957734 4.960618 4.963828 4.966525 5.244215 5.253445 5.260808 5.269186 4.984024 4.985972 4.988496 5.299272 5.307174 4.998693 4.996685 5.004211 5.011678 5.343048 5.028147 5.034095 5.040666 5.047916 5.054973 5.0619 5.068854 5.075744 5.083189 5.09 5.096662 5.103329 5.109848 5.116377 5.122747 5.129041 5.134713 5.140751 5.146832 5.152831 5.158744 5.164575 5.170318 5.175973 5.181537 5.187156 5.516867 5.523913 5.529103 5.534198 5.539194 5.544091 5.548884 5.553576 5.558165 5.562646 5.567021 5.572091 5.57545 5.579493 5.941645 5.589403 5.590953 5.593431 5.597755
5.155297 5.162413 5.170582 5.17872 5.18641 4.950388 4.953132 5.20983 5.218836 4.9636 4.965918 5.241035 4.972685 5.256805 5.265817 5.272978 4.98495 5.287987 4.991269 4.993061 4.996667 4.999001 4.999891 5.007263 5.338565 5.347083 5.030805 5.036404 5.043386 5.050383 5.057239 5.06403 5.395164 5.402247 5.409557 5.416038 5.422534 5.428128 5.4345 5.440797 5.123603 5.128386 5.134371 5.1396 5.146174 5.151206 5.156877 5.162464 5.167961 5.173368 5.502407 5.510136 5.515266 5.520297 5.525231 5.530066 5.5348 5.539432 5.543962 5.548386 5.552706 5.915998 5.562712 5.565015 5.569917 5.573551 5.57633 5.256024 5.5805
5.145248 5.152294 5.160392 5.168458 4.943166 4.945749 5.191194 5.200385 5.208284 5.21609 5.223464 4.965292 4.9673 4.970923 5.253207 4.977574 4.979517 5.276717 4.987182 4.988487 5.297812 4.995545 4.99727 4.99546 5.00268 5.00975 5.340689 5.349831 5.356787 5.362906 5.370426 5.376551 5.383343 5.066543 5.395823 5.403575 5.409291 5.091972 5.097197 5.103326 5.432671 5.439936 5.445928 5.127811 5.455817 5.139436 5.143481 5.149001 5.154431 5.159773 5.165224 5.494773 5.50148 5.506449 5.511322 5.516097 5.520771 5.525345 5.529817 5.534185 5.53845 5.901085 5.548347 5.550601 5.913462 5.918097 5.563795 5.241961 5.242666
5.134743 5.142179 5.150205 5.158199 5.166133 5.174017 4.945513 5.188875 5.197218 5.205453 4.957586 4.96035 4.962939 5.235328 4.970191 4.972038 4.975036 5.264981 5.273583 4.9849 4.98696 4.989735 4.993239 4.995472 4.998307 4.997849 5.00494 5.336603 5.344791 5.027655 5.356312 5.040722 5.046029 5.376578 5.384592 5.390302 5.073322 5.078045 5.407269 5.415024 5.097141 5.101784 5.10763 5.113255 5.119163 5.124589 5.130129 5.135584 5.140949 5.146892 5.152138 5.481103 5.487746 5.492654 5.497467 5.502182 5.506798 5.511315 5.515731 5.520044 5.524254 5.528573 5.53236 5.536251 5.89927 5.54616 5.54727 5.550422 5.229815
5.483406 5.133014 5.14002 5.147943 5.155837 5.163689 5.171065 5.178855 4.94728 5.193535 4.953219 5.209041 4.959464 5.223981 4.965645 4.967592 4.970561 4.973554 5.261298 4.980315 4.982243 4.985114 5.288981 4.9921 4.993599 4.996384 4.999146 5.324028 5.33273 5.338631 5.021376 5.350736 5.359156 5.365057 5.371478 5.054603 5.38243 5.389934 5.073211 5.076934 5.082736 5.088617 5.095094 5.100148 5.105787 5.111347 5.116823 5.122212 5.127515 5.456658 5.463865 5.469121 5.474063 5.478911 5.483665 5.488323 5.492881 5.497342 5.501703 5.505961 5.510119 5.514946 5.518125 5.521963 5.884933 5.531487 5.532839 5.535442 5.215294
5.114091 5.12195 5.129838 5.137692 5.145163 5.152902 4.936688 4.939103 4.942086 4.945202 4.948187 5.197881 4.955085 4.957267 4.960193 4.963151 4.966091 4.969013 5.249499 4.975735 4.977658 4.980501 4.983477 4.986123 4.988901 4.991657 4.994389 4.997222 5.31952 5.002771 5.00834 5.014337 5.345791 5.02863 5.034147 5.364162 5.047444 5.052172 5.381766 5.066122 5.06987 5.075682 5.405293 5.089132 5.092658 5.09815 5.103561 5.108888 5.114127 5.119437 5.448819 5.455551 5.460432 5.465221 5.469917 5.474518 5.47902 5.483426 5.487732 5.491938 5.496043 5.858338 5.50563 5.507737 5.869878 5.517162 5.518475 5.198008 5.198853
5.10313 5.11184 5.119661 5.127117 4.926507 4.928741 4.931744 4.934803 4.937848 4.940878 4.943893 4.946982 4.949873 4.952838 4.955785 4.958716 4.961628 4.964521 4.967491 4.97071 4.973084 4.975895 4.978689 4.982006 4.984212 4.986938 4.989642 4.992323 5.307539 4.999042 5.320312 5.003276 5.333505 5.016133 5.345802 5.353405 5.034735 5.040023 5.045508 5.375153 5.059019 5.06279 5.068639 5.398108 5.081242 5.085652 5.090978 5.095612 5.100786 5.106516 5.435359 5.44203 5.446853 5.451584 5.456223 5.460767 5.465214 5.469565 5.473819 5.477973 5.482027 5.486207 5.48983 5.494358 5.497456 5.500748 5.504175 5.184147 5.184471
4.909125 5.10096 5.109487 4.919037 5.12431 4.92525 4.927565 4.930596 4.933614 4.936616 4.939603 4.942574 4.945528 4.948465 4.951384 4.954287 4.957171 4.960036 4.962882 5.234096 4.970144 4.971301 4.974063 5.261366 4.980661 4.982229 4.984905 4.987559 5.295052 4.994781 5.308372 4.999136 5.320734 5.003822 5.332942 5.340287 5.022836 5.350348 5.034915 5.038659 5.368359 5.05157 5.056187 5.061226 5.066519 5.395717 5.402617 5.083705 5.087493 5.417105 5.423702 5.428559 5.433324 5.437998 5.442581 5.447071 5.451464 5.455762 5.459963 5.464065 5.468069 5.471972 5.475774 5.837528 5.484926 5.486555 5.489939 5.492903 5.172896
4.905595 4.908184 5.098902 4.915188 5.113753 4.921422 4.92339 4.926394 4.929384 4.932359 4.935318 4.938261 4.941188 4.944098 4.946989 4.949864 4.95272 4.955558 4.958376 4.961248 5.229892 4.967736 4.969447 4.972298 4.974858 4.97753 4.980178 4.982804 4.985512 5.289674 5.29702 4.994243 4.995663 4.998637 4.996416 5.002488 5.332268 5.016123 5.344465 5.027925 5.031644 5.037117 5.366547 5.049535 5.054197 5.059014 5.064211 5.069191 5.074247 5.403971 5.41034 5.415138 5.419846 5.424465 5.428992 5.433428 5.437768 5.442014 5.446164 5.450215 5.454944 5.458029 5.46178 5.465699 5.468983 5.472425 5.475767 5.479003 5.481848
4.901565 4.90412 5.088504 5.096691 4.913773 5.110726 4.91985 4.922195 4.925158 4.928105 4.931038 4.933954 4.936853 4.939735 4.9426 4.945447 4.948276 4.951087 4.953877 4.956649 5.218659 4.963129 4.964839 4.967528 4.970666 4.972842 4.975462 4.978061 4.980636 5.277875 4.987106 4.988726 4.990693 5.302045 4.997327 4.997959 4.996046 5.001681 5.331447 5.338589 5.020152 5.02499 5.03002 5.03523 5.364225 5.047995 5.051574 5.056052 5.061048 5.390101 5.397022 5.401767 5.40642 5.410984 5.415457 5.419839 5.424127 5.428321 5.432421 5.437201 5.798462 5.445953 5.447845 5.451452 5.454958 5.458358 5.461658 5.464098 5.467941
4.897051 4.900084 4.903123 5.085697 4.909603 4.912153 4.915348 4.918001 4.920936 4.923857 4.926763 4.929651 4.932875 4.93538 4.938216 4.941415 4.944208 4.946623 4.949386 4.952131 5.20688 4.958961 4.960242 4.962902 5.233464 4.96913 4.970756 4.973328 4.975877 5.265943 4.982115 5.278433 4.986857 4.988409 5.295993 4.994483 4.995923 4.998308 5.000788 5.000768 5.006123 5.335335 5.018552 5.022968 5.028527 5.357299 5.363389 5.044862 5.048538 5.05294 5.382001 5.388446 5.393044 5.397554 5.401974 5.406304 5.410541 5.414684 5.418735 5.780628 5.428765 5.430309 5.43397 5.437532 5.440996 5.444354 5.44692 5.126965 5.451097
4.893044 4.896051 4.899045 4.902072 4.904994 4.907945 5.097514 4.914901 4.91672 4.919613 4.922492 4.925354 5.140597 4.931694 4.93384 5.161574 5.169693 4.942829 4.944902 4.94762 4.950439 5.202671 4.956821 4.958285 4.961016 4.963925 4.966062 4.968606 4.971128 5.254038 4.977284 5.266518 4.98198 4.983371 4.985875 4.988086 5.29573 5.302118 5.307812 4.998614 4.999955 4.999186 5.004287 5.333624 5.340768 5.34613 5.027168 5.354668 5.360817 5.041079 5.368783 5.375175 5.379718 5.384176 5.388544 5.392822 5.397007 5.401102 5.405104 5.409313 5.412823 5.416537 5.420155 5.422989 5.427091 5.430411 5.110188 5.11127 5.114554
4.889256 4.892021 4.894989 4.897943 4.900886 4.903811 4.906783 5.09446 4.913197 4.915374 4.918227 4.921062 4.92396 4.926684 4.929469 4.932326 5.157664 4.938359 4.940427 4.943118 4.945787 5.191414 4.952209 4.953678 4.956266 5.216892 4.962523 4.963894 4.966391 5.242164 4.972466 5.254059 4.977549 4.978508 4.980853 4.98317 5.283063 4.989545 4.990182 4.992719 5.30513 4.998072 4.999194 4.997568 5.325877 5.332643 5.33804 5.343143 5.347971 5.027966 5.355615 5.361953 5.366444 5.370849 5.375165 5.379394 5.383529 5.387575 5.391529 5.395388 5.399154 5.402825 5.405802 5.086362 5.411574 5.416529 5.419429 5.422441 5.424741
5.033147 4.88859 4.890936 4.893865 4.897007 4.899681 4.902567 5.083832 4.908964 4.91114 4.913967 4.916777 4.91957 4.922347 4.925443 4.927848 4.93064 4.933274 4.935958 4.938624 4.941267 5.180076 4.947606 4.94908 4.952046 4.954286 4.9567 4.959194 4.96208 5.22985 4.968112 4.969061 5.248023 4.974853 4.975976 4.978269 4.980711 4.983346 4.984993 5.287095 4.991275 4.992037 5.303481 5.310112 4.999522 5.000463 5.32391 5.329646 5.334341 5.014897 5.342495 5.348781 5.353219 5.357573 5.361839 5.366017 5.370105 5.374103 5.378009 5.381823 5.384893 5.389167 5.068793 5.39407 5.399471 5.402709 5.405849 5.408889 5.087903
4.881076 5.030556 4.887221 4.889789 5.052473 4.89613 4.898416 4.901352 4.904095 4.906911 4.909713 4.912497 4.915264 4.918015 5.122226 4.924192 4.926161 4.92884 4.931499 4.934138 4.936756 5.168759 4.943011 4.944492 5.187752 4.950415 4.952035 4.954505 5.212161 4.960702 5.223989 4.965584 4.966597 4.968816 4.971565 4.973384 4.975626 5.263561 4.98198 4.982378 5.280154 5.286521 5.29249 5.297081 4.994727 5.305896 5.312474 5.000394 4.996043 5.000411 5.329424 5.335657 5.340045 5.344348 5.348565 5.352694 5.357474 5.360689 5.364545 5.368313 5.048425 5.373932 5.378854 5.382452 5.385751 5.388948 5.392051 5.394321 5.074417
4.87704 4.87998 4.882839 4.885717 5.042087 4.891985 4.894268 4.897089 4.899897 4.902688 4.905464 4.908222 4.910964 4.91369 5.111475 4.919793 4.92176 4.924413 4.927046 4.929661 4.932253 5.157466 4.938426 4.94029 5.176027 4.94576 4.947382 4.949827 4.952366 4.954646 4.95717 5.218543 4.962598 4.96399 5.235697 4.969805 4.970728 4.973158 5.256861 4.978517 4.979969 4.982174 5.278026 4.98695 5.288146 5.294837 5.299151 5.304234 4.996659 4.996967 5.316452 5.322583 5.32692 5.331174 5.335341 5.339423 5.701437 5.349223 5.351789 5.354864 5.358215 5.362031 5.36548 5.368832 5.371481 5.375244 5.378313 5.058223 5.381826
4.873047 4.875928 4.878796 4.881649 4.884529 4.887314 4.890126 4.892922 4.895704 4.89847 4.901221 4.903955 4.906672 4.909372 5.100642 4.915401 4.917367 4.919994 4.922603 4.925193 4.92776 5.146196 4.933851 5.15815 4.939193 4.9403 4.94274 4.94516 4.947556 4.949929 4.952279 5.206406 4.957784 4.959179 5.223372 4.96491 4.965846 4.968015 4.970366 4.972273 5.255344 5.26154 4.979982 4.980446 5.275233 5.281604 4.988274 5.290364 4.991477 4.991799 5.303519 5.309557 5.313846 5.31805 5.32217 5.326205 5.330478 5.334012 5.696182 5.343533 5.345051 5.34855 5.35259 5.355272 5.034799 5.359658 5.364635 5.367207 5.369717
4.869057 4.871913 4.874914 4.877586 4.880402 4.883201 4.885988 4.88876 4.891517 4.894486 4.896985 4.899693 4.902386 4.905303 5.089548 4.911016 4.912981 4.915584 4.918168 4.920733 4.923275 5.134631 4.929285 4.931274 5.153388 4.936487 4.938108 4.940504 4.942877 4.945226 4.947551 4.95035 4.95213 4.95438 4.956741 4.959255 4.960979 4.963123 4.965243 4.967336 4.969562 4.971655 4.973443 4.97542 4.977602 4.979498 5.272211 5.278345 4.986306 4.987155 5.290636 5.296581 5.30082 5.304977 5.30905 5.313038 5.316938 5.321437 5.324749 5.328118 5.331665 5.335123 5.697017 5.343748 5.344075 5.34802 5.351018 5.353914 5.033486
4.86507 4.867902 4.997598 4.873923 4.87648 4.879093 4.881855 4.884603 4.887335 5.045583 4.893222 4.895438 4.898106 5.07254 4.904174 4.906006 4.908603 4.911182 4.913741 4.916543 4.918801 4.921412 4.923781 5.135806 5.142934 4.931866 4.933488 4.93586 4.938209 4.940534 4.942836 5.182988 4.948198 4.949594 4.951797 5.20436 4.957241 4.958247 4.960344 4.962414 4.964457 4.96647 4.968456 4.970411 4.972338 4.974235 4.976298 4.978112 4.979743 5.273492 5.279377 5.283653 5.287844 5.291954 5.29598 5.299922 5.303779 5.665769 5.313005 5.314827 5.318335 5.321752 5.325341 5.328315 5.007761 5.332553 5.33746 5.340322 5.342081
4.861087 4.863895 4.866714 4.869471 5.00146 4.875638 4.877728 4.880451 4.883159 4.885918 4.888529 4.891189 4.893833 5.061883 4.899973 4.901661 4.904233 4.906788 4.909585 5.099883 4.915125 4.916811 4.919267 5.124314 5.131225 4.927255 4.928879 4.931228 4.933553 4.935854 4.938133 5.170997 4.943424 4.944822 4.947003 4.949346 4.951284 4.953385 4.955461 4.957509 4.959529 4.961521 4.963921 4.965422 4.967325 4.969202 4.971488 4.973287 4.975131 5.260955 5.266547 5.270773 5.274917 5.27898 5.282961 5.286859 5.290671 5.294712 5.29752 5.301589 5.305059 5.308437 5.311725 5.314921 5.317754 5.321037 5.323961 5.326788 5.006288
4.857107 4.859892 4.862664 4.865421 4.998137 4.998253 4.874019 4.876305 4.87899 4.881659 4.884312 4.886947 4.889567 5.051178 5.057793 4.89791 4.899872 4.902403 5.08253 4.908086 4.909878 4.91233 4.914762 4.917305 4.919682 4.921935 4.924281 4.926606 4.928909 4.931187 4.933443 4.935798 4.937882 4.940064 4.942222 4.944352 4.946458 4.94897 4.950593 4.952618 4.954618 4.956588 5.21575 4.961562 4.96233 4.964631 5.234897 5.240185 5.244947 5.24906 5.253253 5.257452 5.261489 5.265527 5.269483 5.273844 5.277615 5.2813 4.987168 5.28669 5.291839 5.295177 5.298427 5.301587 5.305305 5.307637 5.31052 5.313314 5.315042
4.853133 4.855894 4.858642 4.861375 4.864138 4.867042 4.86949 4.872165 4.874825 4.87747 4.8801 4.882713 4.885499 5.04031 4.891153 4.893203 4.895721 4.898026 4.900612 4.903204 4.906232 4.908112 4.91056 4.912939 4.915295 4.917372 4.919694 4.922287 4.924555 4.926533 4.928765 4.930974 4.93316 4.935319 4.937455 4.939563 4.942 5.179049 4.946902 4.947743 4.949721 4.951671 4.953794 4.955488 4.957783 5.21776 5.223723 4.964395 5.231227 4.968078 4.968657 4.970269 4.972009 4.973556 4.97507 5.25953 5.26461 5.26776 4.982125 5.27361 5.279315 5.281976 5.285184 5.288308 5.649633 5.296442 5.297137 5.299286 4.994772
4.849161 4.851899 4.854624 4.857497 4.860184 4.992669 4.865801 4.868222 4.870849 4.87346 4.876053 4.879184 5.023146 4.884121 4.886359 5.042293 5.049101 4.894299 4.896344 5.066811 5.432153 5.080774 5.085275 5.091212 5.097098 4.913491 4.91512 5.113535 5.120263 4.922803 4.9244 4.926577 4.928727 4.930911 4.933011 4.93479 5.161867 5.168457 4.942029 4.943245 4.944842 4.94677 4.948672 4.951463 5.200716 5.206754 5.211223 5.215446 5.219931 5.223971 5.228074 5.232182 5.236816 5.240086 5.243953 5.247972 5.251157 4.975348 5.25715 5.262209 5.623723 5.270638 5.271998 5.275085 5.278406 5.280994 5.283812 4.988428 4.987179
4.845194 4.847909 4.850611 4.98317 4.986271 4.988946 4.861695 4.993783 4.99694 4.999549 5.000458 5.36581 4.878773 4.879513 5.025244 5.032134 5.038333 5.044859 5.050289 4.894775 4.896919 4.899051 4.901452 4.903781 4.906089 4.908277 4.910836 4.912939 5.10789 4.918442 5.118894 5.124871 5.130251 5.135763 5.140715 4.931391 4.932564 5.155299 4.937534 5.165134 4.94127 4.942272 4.944138 5.54248 5.191301 5.194343 5.198764 5.20311 5.207379 5.211575 5.21569 5.220345 5.581608 5.229569 5.231387 5.234683 4.968803 4.968899 5.24445 5.24919 5.252843 5.255728 5.258866 5.261918 5.264883 5.267757 5.270545 4.982684 4.981844
4.841232 4.843924 4.846603 4.849327 4.851967 4.854626 4.85733 4.989744 4.992867 4.995282 4.998002 4.996634 5.002616 5.008891 5.015004 5.021198 5.027347 5.393119 4.889545 4.889768 4.892365 4.894718 4.897095 4.899169 4.901468 4.903747 5.085319 4.908973 4.910567 5.101554 5.108257 4.917822 4.919426 5.123009 4.92418 5.132953 5.139021 5.14413 5.148869 5.153939 5.158891 5.163565 5.167895 4.942146 4.943126 5.180852 5.18635 5.190649 5.194873 5.199023 5.203093 5.565453 5.213528 5.214856 5.218617 4.961902 4.962962 5.227336 5.232862 5.236222 5.239496 5.242685 5.245789 5.248806 5.251737 5.254578 5.257334 4.977336 4.976536
4.837424 4.839944 4.8426 4.845242 4.84787 4.850481 4.982933 4.986158 4.988557 4.86129 4.993278 4.996161 4.998678 4.998204 4.873898 4.876002 4.878262 5.022349 5.028656 4.885871 5.039633 5.046327 5.051851 4.89561 4.897191 4.899229 5.07414 4.904384 4.905867 4.908453 5.095665 4.913018 5.106474 4.917458 4.918526 4.920728 4.923007 4.925075 4.926669 4.928573 5.145776 5.151645 4.935222 4.936138 5.163877 5.169653 5.173644 5.17823 5.18241 5.186516 5.190542 5.194439 5.197935 5.20175 5.205895 4.956918 5.568996 4.961649 5.218717 5.223307 5.226543 5.229696 5.232364 5.235289 5.238207 5.240959 5.243704 4.972538 4.971253
4.96322 4.836312 4.838602 4.841221 4.843827 4.846416 4.849213 4.981336 4.854663 4.856631 4.859202 4.861726 4.864197 4.866649 4.869038 4.999226 4.874296 4.87633 5.017355 4.881639 4.883448 5.034816 4.888784 5.04581 5.05213 4.895496 5.062611 4.899804 4.901513 5.078651 4.906438 4.907668 5.09474 4.912865 4.914083 4.916128 5.114462 5.120123 4.922682 4.923901 4.92592 5.138501 4.930143 5.1472 5.153018 5.157372 4.937658 5.164632 5.169634 5.174053 5.178657 4.946072 4.946523 4.94799 5.191586 5.196235 4.953683 4.953436 5.205929 5.210443 5.213644 5.216354 4.960853 4.960882 4.962005 4.963173 4.964229 5.231613 4.968125
4.829434 4.831998 4.834609 4.837207 4.839791 4.842358 4.974916 4.848078 4.849976 4.852484 4.855117 4.857453 4.859912 4.862499 4.864951 4.867427 4.869726 4.87195 5.006516 5.01317 4.879522 5.023641 4.884395 4.885899 4.888123 5.045963 4.893245 4.894586 5.062158 4.899766 4.900965 4.90326 4.905416 5.088157 5.093965 5.098608 4.914083 4.915229 4.916933 5.117207 5.122764 5.1275 4.925269 4.926258 5.139744 5.145133 5.149183 4.933973 4.934769 5.160307 5.523389 5.171034 5.172961 5.176698 4.945198 4.945743 4.946967 5.189531 5.194938 5.197635 5.200399 4.954558 4.954257 4.955836 4.956953 4.958105 4.959151 5.21894 5.222314
