hazard/sumatran_fault_7.8_shakemap.asc
ncols         388
nrows         251
xllcorner     97.796052334
yllcorner     -3.545616666
cellsize      0.016233332
NODATA_value  -9999
[rows 56 to 83 of 251, columns 315 to 377 of 388]
5.303766 5.291101 5.278507 5.265982 5.253524 5.241133 5.228808 5.216549 5.204355 5.192225 5.180151 5.168164 5.159186 5.150253 5.138418 5.126625 5.114895 5.103226 5.091612 5.080062 5.068564 5.057129 5.045745 5.034421 5.023148 5.011906 5.000803 4.99786 4.993444 4.989042 4.984663 4.981391 4.97813 4.973803 4.969494 4.965218 4.961729 4.920651 4.725716 4.320472 3.696818 2.891502 2.016148 1.230071 0.6204253 0.222585 0.03333354 -0.0004511083 -2.086803e-008 4.269568e-019 0 0 0 0 0 0 0 0 0 0 0 0 0
5.312665 5.299951 5.287309 5.274736 5.262231 5.249794 5.237423 5.225119 5.212879 5.200704 5.188586 5.176556 5.167548 5.158582 5.146702 5.134867 5.123095 5.111385 5.09973 5.08814 5.076601 5.065125 5.053703 5.04234 5.031028 5.019773 5.008556 4.999043 4.996535 4.992123 4.987728 4.984446 4.981174 4.976832 4.97251 4.968207 4.963953 4.959658 4.878892 4.61712 4.133955 3.436368 2.585055 1.719736 0.9886802 0.4532421 0.132734 0.007885011 -2.858307e-005 -1.13951e-011 7.197884e-027 0 0 0 0 0 0 0 0 0 0 0 0
5.31938 5.306628 5.293949 5.28134 5.2688 5.256327 5.24392 5.231582 5.219307 5.207099 5.194948 5.182882 5.173849 5.164861 5.152948 5.141081 5.129278 5.117536 5.10585 5.094229 5.08266 5.071155 5.059701 5.048309 5.036968 5.025686 5.014446 5.0033 4.998862 4.99444 4.990035 4.986744 4.983464 4.979112 4.974778 4.970466 4.966175 4.96205 4.94819 4.813347 4.475578 3.911607 3.145698 2.259851 1.436821 0.7744551 0.3167109 0.07033745 -0.0002423985 -6.519726e-008 9.74715e-018 0 0 0 0 0 0 0 0 0 0 0 0
5.326116 5.313327 5.300612 5.287966 5.275389 5.262881 5.25044 5.238065 5.225757 5.213514 5.201329 5.189229 5.18017 5.171157 5.159214 5.147315 5.13548 5.123706 5.111989 5.100336 5.088737 5.077202 5.065718 5.054296 5.042926 5.031614 5.020355 5.009141 4.99953 4.996759 4.992349 4.989048 4.985761 4.981397 4.977053 4.97273 4.968426 4.964153 4.960652 4.919896 4.719345 4.300373 3.657135 2.833836 1.956509 1.185225 0.5938413 0.2111578 0.03093312 -0.0004146567 -1.759427e-008 2.916368e-019 0 0 0 0 0 0 0 0 0 0 0
5.335102 5.322263 5.309499 5.296804 5.28418 5.271624 5.259136 5.246715 5.234361 5.222072 5.209841 5.1977 5.188609 5.179561 5.167573 5.155631 5.143754 5.131938 5.120179 5.108485 5.096846 5.085269 5.073746 5.062284 5.050875 5.039525 5.028228 5.01698 5.005807 4.998112 4.995436 4.992129 4.98883 4.984451 4.980093 4.975756 4.971439 4.967141 4.962895 4.958311 4.87132 4.596469 4.096212 3.382443 2.523335 1.676977 0.9660937 0.445692 0.1327837 0.008756188 -3.681726e-005 -2.398681e-011 4.126799e-026 0 0 0 0 0 0 0 0 0 0
5.34414 5.331251 5.318437 5.305693 5.29302 5.280416 5.26788 5.255413 5.243011 5.230677 5.2184 5.206214 5.197088 5.188007 5.175977 5.16399 5.15207 5.140212 5.128411 5.116675 5.104995 5.093378 5.081813 5.070313 5.058863 5.047473 5.036138 5.024859 5.013618 5.002489 4.99745 4.995219 4.99191 4.987517 4.983145 4.978793 4.974461 4.97015 4.965862 4.961796 4.944833 4.799463 4.448795 3.874643 3.107143 2.235291 1.429319 0.7798156 0.3267337 0.07734137 0.0003398307 -1.51527e-007 4.72972e-017 0 0 0 0 0 0 0 0 0 0
5.353209 5.34027 5.327406 5.314613 5.30189 5.289238 5.276654 5.26414 5.251692 5.239311 5.226989 5.214757 5.205597 5.196483 5.184409 5.172379 5.160415 5.148514 5.13667 5.124893 5.11317 5.101512 5.089907 5.078366 5.066876 5.055447 5.044073 5.032756 5.021491 5.010269 5.000491 4.998318 4.995002 4.990593 4.986206 4.981839 4.977494 4.973168 4.968863 4.96459 4.96117 4.914419 4.705718 4.28231 3.642418 2.831949 1.970514 1.211321 0.6216201 0.2317832 0.03973151 -0.0005784762 -5.479379e-008 4.877621e-018 0 0 0 0 0 0 0 0 0
5.362315 5.349325 5.336411 5.323567 5.310796 5.298094 5.285462 5.2729 5.260405 5.247977 5.235609 5.223331 5.214137 5.204989 5.192871 5.180797 5.168789 5.156845 5.144958 5.13314 5.121375 5.109675 5.098029 5.086447 5.074917 5.063448 5.052035 5.040679 5.029378 5.018125 5.006931 4.998603 4.998098 4.993681 4.989277 4.984896 4.980536 4.976196 4.971878 4.967578 4.963336 4.958147 4.86757 4.592988 4.100169 3.401301 2.560692 1.729568 1.017708 0.4863229 0.1569066 0.015731 -0.0001288358 -7.716999e-010 1.62374e-022 0 0 0 0 0 0 0 0
5.371458 5.358415 5.34545 5.332557 5.319736 5.306985 5.294305 5.281694 5.269151 5.256677 5.244261 5.231938 5.22271 5.213528 5.201364 5.189246 5.177195 5.165207 5.153277 5.141416 5.129609 5.117867 5.10618 5.094557 5.082987 5.071477 5.060025 5.048629 5.03729 5.026001 5.014781 5.006373 4.999549 4.996771 4.99236 4.987964 4.983589 4.979235 4.974902 4.970588 4.966298 4.962238 4.94522 4.803538 4.463661 3.907782 3.164098 2.315713 1.506772 0.8446122 0.3731756 0.1014854 0.003655099 -6.186209e-006 -2.094367e-013 5.49584e-031 0 0 0 0 0 0 0
5.380636 5.367542 5.354526 5.341582 5.328711 5.31591 5.303181 5.290522 5.277931 5.265409 5.252947 5.240578 5.231315 5.222098 5.209889 5.197726 5.185631 5.173599 5.161626 5.149721 5.137873 5.126089 5.11436 5.102696 5.091085 5.079535 5.068043 5.056608 5.045229 5.033902 5.022646 5.014217 5.005834 4.998136 4.995448 4.991042 4.986651 4.982283 4.977936 4.973608 4.969301 4.965025 4.96155 4.919069 4.722557 4.318904 3.704137 2.918216 2.067166 1.3017 0.6973984 0.2850706 0.06429619 -0.0001474823 -1.174921e-007 5.667331e-017 0 0 0 0 0 0 0
5.389852 5.376705 5.363637 5.350642 5.33772 5.32487 5.312091 5.299383 5.286744 5.274175 5.261665 5.249249 5.239951 5.2307 5.218447 5.206238 5.194098 5.182022 5.170006 5.158058 5.146166 5.13434 5.12257 5.110864 5.099212 5.087621 5.076089 5.064614 5.053195 5.041829 5.030535 5.022083 5.013645 5.002524 4.997468 4.994128 4.989725 4.985342 4.98098 4.976638 4.972317 4.968014 4.963765 4.959427 4.879769 4.625162 4.159402 3.491334 2.67784 1.84877 1.131525 0.5822002 0.220042 0.03964378 -0.0005782213 -7.277151e-008 1.104173e-017 0 0 0 0 0 0
5.399103 5.385905 5.372785 5.359738 5.346765 5.333865 5.321037 5.308279 5.295591 5.282973 5.270416 5.257954 5.24862 5.239335 5.227036 5.214781 5.202597 5.190476 5.178416 5.166425 5.15449 5.142621 5.130808 5.119061 5.107368 5.095737 5.084163 5.072648 5.06119 5.049785 5.038451 5.02997 5.021518 5.010308 5.00052 4.997221 4.99281 4.98841 4.984035 4.979678 4.975343 4.971026 4.966733 4.96259 4.95025 4.82622 4.514047 3.993021 3.285189 2.461906 1.668473 0.9984454 0.4918155 0.1685278 0.02128693 -0.0002355811 -4.274884e-009 1.030449e-020 0 0 0 0 0
5.408394 5.395142 5.381969 5.36887 5.355846 5.342896 5.330017 5.31721 5.304473 5.291807 5.279202 5.266692 5.257323 5.248003 5.235657 5.223357 5.211126 5.198962 5.186857 5.174822 5.162844 5.150932 5.139077 5.127287 5.115552 5.10388 5.092266 5.08071 5.069212 5.057767 5.046395 5.037885 5.029405 5.018165 5.006967 4.997688 4.995898 4.991491 4.987099 4.982728 4.978378 4.974048 4.96974 4.965458 4.961748 4.930539 4.760927 4.397396 3.831966 3.097406 2.290316 1.529308 0.8847112 0.4089986 0.1215992 0.007622309 -2.82319e-005 -1.29743e-011 9.345922e-027 0 0 0 0
5.417721 5.404415 5.39119 5.378039 5.364964 5.351962 5.339032 5.326175 5.313389 5.300674 5.28802 5.275463 5.266058 5.256702 5.24431 5.231965 5.219688 5.207479 5.195329 5.18325 5.171227 5.159273 5.147375 5.135543 5.123766 5.112052 5.100397 5.088801 5.077262 5.065778 5.054367 5.045826 5.037317 5.026045 5.014798 5.003653 4.99809 4.994579 4.990173 4.985788 4.981424 4.977079 4.972757 4.968452 4.964191 4.96069 4.903257 4.69258 4.289633 3.698693 2.964295 2.153817 1.386958 0.7626608 0.3232677 0.07841522 0.0005844072 -2.421753e-007 8.840533e-017 0 0 0 0
5.427086 5.413727 5.400448 5.387244 5.374117 5.361063 5.348083 5.335176 5.32234 5.309575 5.296873 5.284267 5.274827 5.265435 5.252996 5.240604 5.228282 5.216027 5.203833 5.191709 5.179643 5.167645 5.155704 5.143829 5.13201 5.120254 5.108557 5.09692 5.085341 5.073816 5.062365 5.053796 5.045257 5.033946 5.022674 5.011434 5.000336 4.997674 4.99326 4.988859 4.98448 4.980121 4.975784 4.971466 4.96717 4.962937 4.957347 4.872797 4.626841 4.190234 3.569061 2.795999 1.963487 1.216263 0.6300498 0.2386213 0.04255245 -0.0005968178 -6.019222e-008 5.989825e-018 0 0 0
5.43649 5.423077 5.409744 5.396487 5.383307 5.370201 5.35717 5.344212 5.331326 5.318512 5.30576 5.293106 5.283629 5.274202 5.261716 5.249277 5.236909 5.224607 5.212368 5.200199 5.188089 5.176047 5.164063 5.152144 5.140283 5.128485 5.116747 5.105069 5.093449 5.081883 5.070393 5.061793 5.053225 5.041875 5.030564 5.01931 5.008095 4.998655 4.99635 4.99194 4.987546 4.983172 4.978822 4.97449 4.97018 4.965889 4.961752 4.950298 4.838194 4.554239 4.072361 3.39878 2.583584 1.752996 1.037022 0.4987996 0.1620774 0.0163379 -0.0001291544 -6.87304e-010 1.216948e-022 0 0
5.445933 5.432464 5.419077 5.405767 5.392534 5.379376 5.366292 5.353283 5.340347 5.327482 5.314681 5.301979 5.292465 5.283002 5.270469 5.257982 5.245568 5.23322 5.220935 5.208721 5.196566 5.18448 5.172451 5.160491 5.148586 5.136746 5.124966 5.113246 5.101584 5.089979 5.078447 5.069818 5.06122 5.049831 5.038481 5.027192 5.015946 5.00479 4.998716 4.995028 4.990623 4.986235 4.98187 4.977522 4.973198 4.968892 4.964615 4.960739 4.937924 4.791722 4.458601 3.918329 3.189974 2.344216 1.53124 0.8584962 0.3757157 0.09815011 0.002273819 -2.14893e-006 -7.704827e-015 2.637131e-034 0
5.455414 5.44189 5.428449 5.415084 5.401798 5.388587 5.375452 5.362391 5.349403 5.336489 5.323637 5.310885 5.301335 5.291835 5.279254 5.266721 5.254259 5.241865 5.229534 5.217275 5.205075 5.192944 5.180871 5.168867 5.156919 5.145037 5.133214 5.121452 5.10975 5.098103 5.086531 5.077871 5.069243 5.057814 5.046426 5.035098 5.023823 5.012582 5.001472 4.996888 4.993709 4.989307 4.984927 4.980566 4.976227 4.971907 4.967608 4.963343 4.959913 4.91671 4.725548 4.33246 3.728273 2.946847 2.092782 1.309661 0.6860662 0.2643179 0.04931935 -0.0006517594 -7.645452e-008 1.018396e-017 0
5.464935 5.451355 5.437859 5.42444 5.4111 5.397836 5.384648 5.371535 5.358496 5.345531 5.332629 5.319828 5.310241 5.300703 5.288074 5.275493 5.262984 5.250543 5.238166 5.225861 5.213615 5.201439 5.189322 5.177275 5.165283 5.153358 5.141492 5.129688 5.117944 5.106256 5.094643 5.085953 5.077295 5.065827 5.054398 5.043031 5.031718 5.02046 5.009243 4.999622 4.996803 4.992391 4.987995 4.98362 4.979266 4.974932 4.97062 4.966325 4.962082 4.957963 4.883087 4.63661 4.178703 3.514678 2.697922 1.837327 1.086876 0.5209606 0.1678074 0.01634639 -0.0001255385 -5.924575e-010 8.609923e-023
5.4745 5.460864 5.447312 5.433839 5.420444 5.407126 5.393885 5.38072 5.367629 5.354611 5.341659 5.328807 5.319182 5.309609 5.296932 5.284302 5.271745 5.259257 5.246834 5.234482 5.22219 5.20997 5.197808 5.185716 5.17368 5.161711 5.149803 5.137957 5.126171 5.11444 5.102786 5.094065 5.085376 5.073869 5.062401 5.050993 5.039643 5.028347 5.017098 5.005924 4.998191 4.995479 4.991074 4.986683 4.982316 4.977967 4.973641 4.969332 4.965046 4.960879 4.951059 4.832462 4.522949 3.996706 3.270298 2.406505 1.561993 0.8649601 0.3708779 0.09268959 0.001337775 -7.724732e-007 -3.536832e-017
5.484085 5.470392 5.456784 5.443255 5.429806 5.416435 5.403141 5.389923 5.37678 5.363711 5.350708 5.337807 5.328147 5.318536 5.305807 5.293129 5.280524 5.267989 5.255518 5.243121 5.230783 5.218517 5.206311 5.194174 5.182095 5.170083 5.158131 5.146242 5.134413 5.122642 5.110947 5.102197 5.093478 5.081927 5.070419 5.058973 5.047582 5.036248 5.02497 5.013729 5.002598 4.997513 4.99416 4.989757 4.985374 4.981011 4.976671 4.972348 4.968047 4.963772 4.961047 4.931994 4.758658 4.377648 3.775559 2.982737 2.092236 1.288479 0.6618809 0.2473163 0.04256381 -0.0006118194 -5.695598e-008
5.491321 5.477586 5.463935 5.450365 5.436874 5.423462 5.410127 5.396869 5.383686 5.370579 5.357537 5.344595 5.334907 5.325269 5.312503 5.299788 5.287148 5.274576 5.26207 5.249637 5.237265 5.224964 5.212724 5.200553 5.18844 5.176394 5.164411 5.15249 5.140629 5.128826 5.117098 5.108324 5.099583 5.088002 5.076465 5.064988 5.053568 5.042204 5.030897 5.01964 5.008443 4.999948 4.996483 4.99207 4.987676 4.983302 4.978951 4.974617 4.970306 4.966014 4.96282 4.96036 4.894825 4.653972 4.190811 3.506158 2.652637 1.780576 1.040421 0.4918779 0.1547003 0.0136349 -9.063086e-005
5.498582 5.484805 5.471111 5.457498 5.443966 5.430512 5.417136 5.403838 5.390616 5.377469 5.364388 5.351407 5.341688 5.332022 5.319221 5.306469 5.293792 5.281185 5.268642 5.256174 5.243766 5.231431 5.219157 5.206952 5.194806 5.182727 5.17071 5.158756 5.146863 5.135028 5.123268 5.11447 5.105705 5.094095 5.082527 5.071021 5.05957 5.048177 5.03684 5.025558 5.014318 5.003176 4.997825 4.994387 4.989984 4.985599 4.981236 4.976893 4.97257 4.968268 4.965055 4.961923 4.952524 4.833208 4.513256 3.964141 3.206681 2.325724 1.503373 0.8323613 0.3574955 0.08982228 0.00137043
5.508268 5.494432 5.480682 5.467013 5.453425 5.439916 5.426486 5.413135 5.399858 5.38666 5.373527 5.360498 5.350741 5.341035 5.328184 5.315382 5.302656 5.29 5.277411 5.264895 5.252441 5.240059 5.227739 5.215489 5.203298 5.191175 5.179114 5.167117 5.155181 5.143302 5.131504 5.122674 5.113876 5.102226 5.090616 5.079069 5.06758 5.056148 5.044772 5.033451 5.022185 5.010943 4.999856 4.997482 4.99307 4.988668 4.984292 4.979934 4.975597 4.971282 4.968058 4.96485 4.961158 4.928415 4.743191 4.341798 3.715985 2.90952 2.044598 1.268634 0.6591928 0.2515146 0.04609763
5.518015 5.504121 5.490314 5.476587 5.462943 5.449378 5.435894 5.422487 5.409157 5.395905 5.38272 5.369639 5.359843 5.350099 5.337198 5.324347 5.311571 5.298866 5.286227 5.273664 5.261163 5.248734 5.236368 5.224072 5.211836 5.199668 5.187563 5.175521 5.163542 5.151621 5.139779 5.130918 5.122089 5.110397 5.098746 5.087159 5.075629 5.064157 5.052741 5.041382 5.030078 5.018824 5.007613 4.998246 4.99616 4.991751 4.987358 4.982985 4.978634 4.974305 4.97107 4.967845 4.963591 4.959782 4.884909 4.62953 4.153705 3.468103 2.635946 1.788442 1.058167 0.5101631 0.1673619
5.5278 5.513846 5.49998 5.486197 5.472496 5.458876 5.445335 5.431874 5.41849 5.405184 5.391946 5.378813 5.368978 5.359195 5.346244 5.333341 5.320516 5.307762 5.295075 5.282464 5.269915 5.257439 5.245026 5.232684 5.220402 5.208189 5.196039 5.183954 5.171931 5.159966 5.148082 5.139188 5.130328 5.118595 5.106902 5.095274 5.083704 5.072191 5.060736 5.049337 5.037995 5.026705 5.015464 5.00431 4.998453 4.99484 4.990435 4.986048 4.981682 4.977338 4.974092 4.970858 4.966567 4.962413 4.950314 4.822934 4.498931 3.956726 3.220432 2.364633 1.543249 0.8673985 0.3833324
5.537626 5.523613 5.509689 5.495847 5.482089 5.468412 5.454815 5.441299 5.427861 5.414501 5.401209 5.388024 5.378149 5.368327 5.355325 5.342372 5.329496 5.316693 5.303957 5.291297 5.2787 5.266177 5.253717 5.241329 5.229001 5.216742 5.204547 5.192418 5.180351 5.168343 5.156415 5.14749 5.138597 5.126822 5.115088 5.103418 5.091807 5.080255 5.068759 5.057321 5.045939 5.034611 5.023342 5.012098 5.000998 4.997937 4.993523 4.98912 4.98474 4.980381 4.977125 4.97388 4.969573 4.965292 4.961656 4.926704 4.742729 4.351041 3.743166 2.955077 2.095842 1.318208 0.7002162
5.547494 5.533422 5.519438 5.505538 5.491722 5.477988 5.464335 5.450763 5.43727 5.423855 5.41051 5.397271 5.387357 5.377496 5.364442 5.351438 5.338512 5.325659 5.312873 5.300164 5.287519 5.274949 5.262441 5.250006 5.237632 5.225327 5.213087 5.200912 5.188801 5.176749 5.164778 5.15582 5.146896 5.135078 5.123303 5.111592 5.099939 5.088346 5.076811 5.065332 5.053911 5.042543 5.031237 5.019978 5.008762 4.999219 4.996614 4.992203 4.987808 4.983434 4.980168 4.976912 4.97259 4.968287 4.96403 4.96026 4.888888 4.644202 4.185033 3.516865 2.69629 1.853348 1.116803
