hazard/sumatran_fault_7.8_shakemap.asc
ncols         388
nrows         251
xllcorner     97.796052334
yllcorner     -3.545616666
cellsize      0.016233332
NODATA_value  -9999
[rows 0 to 27 of 251, columns 189 to 251 of 388]
6.697248 6.580025 6.674131 6.665958 6.657425 6.60649 6.493433 6.537745 6.430781 6.520387 6.523472 6.502926 6.477576 6.419987 6.302313 6.391712 6.397537 6.378533 6.358553 6.338493 6.318667 6.299024 6.279662 6.265113 6.250635 6.231635 6.212692 6.193868 6.172132 6.117461 5.999569 6.091333 6.100812 6.084204 6.066496 6.048931 6.031417 6.013127 5.98062 5.887341 5.725345 5.862987 5.917224 5.88862 5.780319 5.746109 5.841167 5.85371 5.839224 5.823462 5.807754 5.792005 5.776443 5.760909 5.745394 5.727115 5.676359 5.561329 5.654442 5.66806 5.654821 5.643747 5.632756
6.750582 6.706261 6.680344 6.552697 6.659196 6.647391 6.608955 6.600745 6.558784 6.557886 6.536766 6.514964 6.493854 6.470462 6.429212 6.43016 6.410337 6.389697 6.365148 6.349479 6.329498 6.309509 6.289937 6.275327 6.260843 6.241753 6.222762 6.203979 6.185566 6.165209 6.126465 6.129774 6.112299 6.094104 6.076306 6.058659 6.041069 6.023763 6.00677 5.977865 5.919392 5.949105 5.943173 5.926896 5.900591 5.877549 5.880505 5.864646 5.848299 5.832233 5.8163 5.800487 5.784782 5.769198 5.753751 5.738569 5.721915 5.686966 5.692534 5.678025 5.662975 5.651814 5.640756
6.769665 6.742085 6.67124 6.56779 6.673729 6.663609 6.640439 6.618386 6.595244 6.573656 6.55148 6.529738 6.508292 6.487223 6.465529 6.445206 6.424267 6.393696 6.303516 6.354547 6.340103 6.323674 6.303607 6.288869 6.274285 6.255077 6.235961 6.217013 6.198261 6.179826 6.160865 6.142978 6.12458 6.106585 6.088686 6.06635 6.053396 6.035712 6.018439 6.001411 5.982259 5.967446 5.945307 5.861896 5.921463 5.908671 5.892187 5.875675 5.859442 5.843345 5.827351 5.811472 5.795701 5.780037 5.76448 5.749048 5.733847 5.718272 5.703436 5.688228 5.673294 5.662118 5.651008
6.785307 6.727137 6.594657 6.674309 6.702598 6.679708 6.656417 6.633652 6.611209 6.588863 6.566784 6.544954 6.523281 6.501853 6.480669 6.459583 6.438818 6.409917 6.32089 6.290354 6.271088 6.33492 6.317614 6.302562 6.287877 6.268558 6.249331 6.230271 6.211372 6.192643 6.1741 6.155601 6.137322 6.119097 6.090569 6.003852 6.062515 6.048121 6.03057 6.013209 5.996007 5.978956 5.966097 5.943856 5.936817 5.920133 5.903499 5.887084 5.870788 5.854612 5.83854 5.822585 5.806737 5.790999 5.775367 5.75984 5.744426 5.729143 5.713884 5.698746 5.683757 5.672529 5.661369
6.784658 6.684727 6.489949 6.672261 6.718285 6.695822 6.672409 6.649517 6.626857 6.604426 6.582318 6.560406 6.538494 6.516827 6.495448 6.474253 6.453389 6.432697 6.39956 6.345164 6.232941 6.337788 6.331228 6.316337 6.301542 6.282108 6.262768 6.243598 6.22459 6.205737 6.18704 6.168488 6.150093 6.131932 6.113657 6.086075 6.078107 6.060376 6.0382 6.025458 6.00797 5.990801 5.978027 5.965217 5.948475 5.931672 5.915052 5.898563 5.882185 5.865929 5.849779 5.833745 5.817821 5.802007 5.786301 5.7707 5.755205 5.739815 5.724523 5.709322 5.694263 5.682984 5.671773
6.737816 6.711638 6.661952 6.739249 6.735613 6.712026 6.688847 6.665874 6.642879 6.620267 6.59793 6.571255 6.554076 6.531991 6.5104 6.489067 6.467946 6.447164 6.426638 6.402963 6.360672 6.364942 6.345261 6.330139 6.315286 6.295738 6.276283 6.257 6.237883 6.218922 6.200116 6.181462 6.162957 6.144607 6.126485 6.108356 6.090454 6.062093 5.975485 6.034404 6.020167 6.002817 5.989912 5.977125 5.960199 5.94337 5.926672 5.910099 5.893639 5.877301 5.861072 5.844959 5.828958 5.813068 5.797286 5.781612 5.766044 5.750578 5.735218 5.719946 5.704818 5.693487 5.682225
6.684457 6.785585 6.781593 6.770579 6.752162 6.728797 6.70242 6.679677 6.658946 6.636451 6.602394 6.509573 6.566658 6.547408 6.525472 6.503981 6.482715 6.461641 6.440857 6.420364 6.399124 6.37942 6.359117 6.34405 6.329113 6.309448 6.289878 6.270482 6.251253 6.232181 6.213267 6.194507 6.175898 6.157438 6.139128 6.12099 6.103024 6.084982 6.057638 6.049803 6.032235 6.014877 6.001912 5.989038 5.972045 5.955133 5.938348 5.921692 5.905149 5.88873 5.87242 5.856228 5.840149 5.824182 5.808324 5.792575 5.776933 5.761395 5.745962 5.730619 5.715421 5.704038 5.692724
6.641812 6.72374 6.802292 6.78756 6.769365 6.737134 6.641821 6.611428 6.645795 6.651877 6.621238 6.53559 6.582872 6.562727 6.54062 6.518991 6.497591 6.476372 6.455361 6.434557 6.413973 6.393424 6.373196 6.358053 6.343024 6.323242 6.303554 6.284042 6.2647 6.245518 6.226495 6.207627 6.188912 6.170349 6.151931 6.133663 6.115537 6.097644 6.079698 6.062068 6.044407 6.02701 6.013978 6.001035 5.983955 5.966956 5.950085 5.933344 5.916717 5.900216 5.883825 5.867553 5.851395 5.83535 5.819416 5.80359 5.787873 5.772262 5.756756 5.741342 5.726074 5.714638 5.703271
6.728156 6.676708 6.795979 6.80368 6.783106 6.728367 6.555461 6.422215 6.523499 6.650071 6.645189 6.61518 6.600484 6.578172 6.555969 6.534178 6.51264 6.491233 6.470056 6.449091 6.428326 6.407714 6.387379 6.372141 6.357019 6.337117 6.317311 6.297684 6.278227 6.258932 6.239799 6.220822 6.202001 6.183331 6.164811 6.14644 6.128208 6.110133 6.092212 6.074383 6.056695 6.039209 6.026107 6.013096 5.995927 5.978839 5.961882 5.945055 5.928344 5.911759 5.895287 5.878934 5.862696 5.846572 5.83056 5.814659 5.798866 5.783181 5.767602 5.752114 5.736775 5.725286 5.713867
6.83191 6.690327 6.746547 6.758937 6.722485 6.721745 6.652496 6.630844 6.665448 6.68392 6.661698 6.63881 6.613326 6.589734 6.571986 6.549645 6.52782 6.506551 6.484939 6.463749 6.442867 6.42211 6.401646 6.386314 6.371099 6.351077 6.331151 6.311406 6.291833 6.272425 6.25318 6.234093 6.215163 6.196388 6.177763 6.159288 6.140955 6.122776 6.104732 6.086833 6.069053 6.051472 6.0383 6.02522 6.007962 5.990784 5.973739 5.956826 5.940029 5.923361 5.906805 5.890371 5.874053 5.85785 5.841759 5.82578 5.809912 5.794152 5.778498 5.762938 5.747527 5.735984 5.724513
6.874503 6.830648 6.734571 6.608651 6.516664 6.572199 6.640698 6.724632 6.723858 6.698485 6.677661 6.649083 6.559178 6.517905 6.578954 6.550411 6.525744 6.518841 6.500385 6.478705 6.457634 6.436686 6.416007 6.400575 6.385266 6.365121 6.345074 6.32521 6.305521 6.285997 6.266638 6.24744 6.228401 6.209518 6.190787 6.172208 6.153773 6.135493 6.117348 6.099352 6.081475 6.063801 6.050558 6.037408 6.020059 6.002791 5.985657 5.968657 5.951774 5.935021 5.918381 5.901865 5.885466 5.869183 5.853013 5.836956 5.821011 5.805175 5.789447 5.773812 5.758329 5.746732 5.735207
6.750908 6.86869 6.8594 6.79924 6.743377 6.753595 6.771617 6.762635 6.717759 6.635298 6.667595 6.655346 6.558715 6.417922 6.504732 6.430292 6.395365 6.45367 6.507709 6.4942 6.468091 6.451575 6.430566 6.414927 6.39952 6.379253 6.359083 6.339097 6.31929 6.29965 6.280177 6.260866 6.241716 6.222724 6.203886 6.185202 6.166663 6.148281 6.130035 6.11194 6.093966 6.076196 6.062881 6.049661 6.03222 6.014862 5.997638 5.980549 5.96358 5.946741 5.930017 5.913417 5.896935 5.880571 5.864322 5.848186 5.832164 5.816251 5.800447 5.784738 5.769183 5.75753 5.745951
6.743472 6.765671 6.791178 6.859932 6.853036 6.831656 6.783466 6.692879 6.6143 6.498966 6.546368 6.589286 6.633014 6.583457 6.530309 6.474868 6.376451 6.450273 6.450205 6.501282 6.408618 6.457088 6.44532 6.429425 6.413864 6.393471 6.373176 6.353069 6.333141 6.313384 6.293795 6.27437 6.255108 6.236005 6.21706 6.198269 6.179625 6.161139 6.142792 6.124598 6.106524 6.088658 6.075271 6.061979 6.044446 6.026995 6.009681 5.992503 5.975445 5.95852 5.941711 5.925027 5.908463 5.892017 5.875687 5.859472 5.843371 5.827381 5.811501 5.795716 5.780087 5.768379 5.756745
6.612452 6.658671 6.627735 6.749955 6.832003 6.830325 6.680503 6.526905 6.557257 6.635978 6.638771 6.509958 6.484059 6.62164 6.567053 6.585311 6.548059 6.55531 6.537416 6.523586 6.471458 6.399695 6.456538 6.444051 6.428311 6.407777 6.387356 6.367126 6.347077 6.327199 6.307493 6.287954 6.268578 6.249364 6.230308 6.21141 6.19266 6.17407 6.15562 6.137324 6.119151 6.101188 6.087728 6.074364 6.056737 6.039193 6.021787 6.004519 5.987373 5.97036 5.953465 5.936696 5.920048 5.903519 5.887109 5.870813 5.854632 5.838564 5.822608 5.806747 5.791043 5.77928 5.76759
6.694588 6.678201 6.657752 6.724597 6.704218 6.78334 6.624836 6.661465 6.731384 6.759303 6.735414 6.664764 6.61711 6.670081 6.645734 6.627568 6.60384 6.582817 6.56052 6.53888 6.515926 6.485194 6.474487 6.45858 6.442822 6.422173 6.401625 6.381269 6.361097 6.341099 6.321274 6.301618 6.282128 6.262802 6.243635 6.224627 6.205769 6.187073 6.16852 6.150122 6.131847 6.113787 6.100253 6.086816 6.069094 6.051456 6.033958 6.016599 5.999363 5.982262 5.965279 5.948424 5.931692 5.91508 5.898587 5.88221 5.86595 5.849802 5.833768 5.817831 5.802052 5.790232 5.778487
6.701427 6.618885 6.665154 6.711331 6.647525 6.690645 6.677408 6.660305 6.771116 6.782121 6.761704 6.734482 6.70725 6.687284 6.666034 6.643518 6.620409 6.59787 6.575679 6.553769 6.532313 6.510433 6.489254 6.47324 6.457436 6.436659 6.415981 6.395499 6.375203 6.355083 6.335138 6.315364 6.295758 6.276317 6.257038 6.237919 6.218954 6.200151 6.181493 6.162991 6.144615 6.126454 6.112845 6.099335 6.081517 6.063785 6.046193 6.028742 6.011415 5.994225 5.977154 5.960213 5.943394 5.926698 5.910122 5.893664 5.877323 5.861096 5.844984 5.828969 5.813114 5.801237 5.789435
6.740952 6.687659 6.6137 6.59522 6.56725 6.600874 6.725101 6.60047 6.667408 6.707174 6.768188 6.707687 6.645474 6.624944 6.656579 6.657716 6.636854 6.613556 6.591212 6.569439 6.546834 6.52596 6.504116 6.488046 6.472146 6.451238 6.430429 6.409819 6.389397 6.369152 6.349086 6.329192 6.309468 6.289912 6.27052 6.25129 6.232214 6.213304 6.194539 6.175932 6.157453 6.139192 6.125507 6.111922 6.094008 6.07618 6.058493 6.040949 6.02353 6.00625 5.98909 5.972062 5.955157 5.938376 5.921716 5.905175 5.888752 5.872445 5.856253 5.84016 5.824228 5.812294 5.800436
6.689069 6.649981 6.620338 6.600882 6.580053 6.556641 6.59425 6.654346 6.687386 6.603244 6.690673 6.569576 6.565873 6.602211 6.543802 6.600597 6.651305 6.629803 6.607551 6.581611 6.52613 6.540585 6.519478 6.502982 6.486963 6.465924 6.444983 6.424242 6.403692 6.383323 6.363132 6.343118 6.323275 6.303601 6.284093 6.26475 6.245563 6.226543 6.20767 6.188958 6.170374 6.15201 6.138248 6.124588 6.106578 6.088652 6.07087 6.053231 6.03572 6.018348 6.001098 5.983981 5.966988 5.950121 5.933376 5.916752 5.900247 5.883859 5.867586 5.851413 5.835403 5.823411 5.811496
6.691595 6.6647 6.639028 6.619166 6.599745 6.595124 6.549515 6.535308 6.537072 6.564942 6.697176 6.651608 6.566246 6.527444 6.571757 6.474589 6.636323 6.631968 6.620715 6.554349 6.384068 6.524332 6.534071 6.518017 6.501839 6.48063 6.459557 6.438687 6.41801 6.397515 6.377202 6.357066 6.337103 6.317313 6.29769 6.278234 6.258935 6.239806 6.220825 6.202007 6.18332 6.164855 6.151024 6.137288 6.119169 6.101146 6.083269 6.065536 6.047932 6.030468 6.013129 5.995922 5.978842 5.961889 5.945059 5.928351 5.911763 5.895293 5.878941 5.86269 5.846603 5.834558 5.822584
6.72894 6.687134 6.658867 6.633111 6.625808 6.724319 6.586172 6.544902 6.510543 6.509166 6.635814 6.675993 6.733384 6.715839 6.691394 6.593882 6.660591 6.525959 6.597117 6.609371 6.550219 6.565427 6.546237 6.529362 6.513217 6.491857 6.470626 6.449656 6.42888 6.408288 6.38788 6.36765 6.347596 6.327715 6.308003 6.288459 6.269075 6.249861 6.230798 6.211898 6.19313 6.17458 6.160689 6.1469 6.128707 6.11061 6.092659 6.074854 6.057179 6.039645 6.022236 6.004961 5.987814 5.970795 5.9539 5.937127 5.920477 5.903944 5.887531 5.871219 5.855068 5.842977 5.830963
6.803696 6.774724 6.728569 6.652557 6.627835 6.663468 6.581787 6.624804 6.531515 6.551975 6.64493 6.776759 6.64774 6.59532 6.642353 6.696176 6.67842 6.540751 6.509202 6.616112 6.583451 6.500657 6.554905 6.541044 6.520352 6.503439 6.481819 6.460682 6.439808 6.419118 6.398614 6.378289 6.358142 6.33817 6.318368 6.298737 6.279265 6.259966 6.240819 6.221837 6.202987 6.184356 6.170399 6.156553 6.138292 6.120119 6.102093 6.084216 6.066468 6.048863 6.031384 6.014041 5.996826 5.97974 5.962779 5.945942 5.929228 5.912632 5.896157 5.879783 5.863572 5.851431 5.839374
6.901975 6.829527 6.676729 6.664448 6.639534 6.568037 6.54423 6.57056 6.557411 6.669066 6.578963 6.74098 6.768007 6.666971 6.595636 6.71756 6.709689 6.669209 6.645119 6.629959 6.546135 6.579251 6.572525 6.549136 6.462918 6.516208 6.497022 6.47539 6.45435 6.433533 6.412901 6.392451 6.372181 6.352089 6.332168 6.31242 6.292834 6.273422 6.254164 6.235073 6.216115 6.19739 6.183356 6.169424 6.15106 6.132785 6.114662 6.096686 6.078844 6.061145 6.043574 6.026139 6.008835 5.99166 5.974612 5.95769 5.94089 5.924212 5.907653 5.891198 5.874914 5.862715 5.850593
6.862612 6.926189 6.742924 6.68655 6.657156 6.569459 6.414864 6.540664 6.561069 6.594745 6.467378 6.60263 6.769254 6.730864 6.67902 6.743237 6.709153 6.618174 6.526473 6.56209 6.466161 6.456751 6.511092 6.555308 6.550266 6.517332 6.51162 6.490402 6.469067 6.448105 6.427343 6.406765 6.386371 6.366173 6.346116 6.326241 6.30654 6.287013 6.267642 6.248438 6.22937 6.210536 6.196421 6.182411 6.163946 6.145569 6.127344 6.109271 6.09133 6.073536 6.05587 6.038342 6.020947 6.003681 5.986545 5.969533 5.952648 5.935884 5.919242 5.902705 5.886338 5.874078 5.861897
6.832265 6.996122 6.858649 6.745389 6.684096 6.634415 6.547813 6.536528 6.573965 6.553592 6.515935 6.511135 6.682188 6.794298 6.678917 6.678628 6.656831 6.638073 6.652081 6.638408 6.521824 6.478618 6.366225 6.440923 6.544527 6.40486 6.511856 6.505205 6.483907 6.462758 6.441861 6.421159 6.400711 6.380474 6.360283 6.340153 6.320313 6.300672 6.281186 6.26187 6.242691 6.223749 6.209552 6.195462 6.176893 6.158412 6.140087 6.121913 6.103875 6.085983 6.068222 6.050602 6.033112 6.015757 5.99853 5.981431 5.964459 5.947609 5.930882 5.914261 5.897813 5.885491 5.87325
6.814024 6.92294 6.976652 6.847208 6.720376 6.677916 6.694043 6.642012 6.652192 6.595151 6.622124 6.596688 6.567317 6.700496 6.785169 6.77948 6.753793 6.728476 6.71075 6.688962 6.626088 6.529252 6.474985 6.426157 6.498123 6.480199 6.538963 6.52051 6.498748 6.477501 6.456499 6.435735 6.415182 6.390939 6.374265 6.354437 6.334193 6.31441 6.29481 6.27538 6.256088 6.237037 6.222757 6.208587 6.189913 6.171328 6.1529 6.134626 6.116488 6.098498 6.080647 6.062973 6.04536 6.027897 6.010577 5.99339 5.97633 5.959394 5.942582 5.925876 5.909346 5.896962 5.88466
6.885393 6.817653 6.938449 6.856739 6.759085 6.697944 6.66881 6.721272 6.824916 6.683952 6.578701 6.612683 6.523864 6.559275 6.707748 6.788013 6.770558 6.682005 6.683457 6.699513 6.682793 6.638784 6.576708 6.491556 6.576969 6.573133 6.557793 6.535409 6.5137 6.492428 6.471383 6.450332 6.420228 6.331198 6.357873 6.368166 6.348366 6.328245 6.308514 6.28897 6.269565 6.250402 6.23604 6.221787 6.203007 6.184317 6.165785 6.147408 6.129169 6.111095 6.093298 6.075358 6.057905 6.040216 6.022699 6.00541 5.988262 5.971239 5.95434 5.93755 5.920937 5.90849 5.896126
6.927835 6.915241 7.038249 7.03234 6.901243 6.779755 6.687894 6.662632 6.720415 6.691734 6.594935 6.558434 6.601167 6.512264 6.628129 6.698201 6.732171 6.659 6.535696 6.603492 6.667797 6.575084 6.492518 6.584042 6.616841 6.592068 6.569651 6.55105 6.529 6.507457 6.481853 6.46544 6.441256 6.370181 6.255419 6.365439 6.362164 6.342205 6.322304 6.30264 6.28312 6.263846 6.2494 6.235064 6.216177 6.197379 6.178742 6.160262 6.141933 6.123932 6.10547 6.072365 6.066919 6.052502 6.035141 6.01751 6.000255 5.983145 5.96616 5.949283 5.932585 5.920075 5.90765
6.86152 6.953034 7.090463 7.09694 6.9805 6.847626 6.751829 6.695175 6.655392 6.71289 6.666728 6.575548 6.551635 6.547967 6.721029 6.577875 6.582403 6.643899 6.592648 6.455416 6.561863 6.522537 6.610473 6.64851 6.61567 6.516078 6.505063 6.564376 6.544657 6.513032 6.423831 6.477183 6.459246 6.433178 6.387927 6.396238 6.376493 6.356142 6.336172 6.316392 6.296755 6.277369 6.262836 6.248417 6.229421 6.210516 6.191773 6.173192 6.154821 6.136165 6.093663 5.961926 5.995885 6.03607 6.047105 6.029915 6.012323 5.995112 5.97804 5.961076 5.944293 5.93172 5.91923
