hazard/sumatran_fault_7.8_shakemap.asc
ncols         388
nrows         251
xllcorner     97.796052334
yllcorner     -3.545616666
cellsize      0.016233332
NODATA_value  -9999
[rows 140 to 167 of 251, columns 189 to 251 of 388]
7.964112 7.918567 8.059442 8.051772 8.124123 8.078876 8.145476 8.215161 8.308693 8.41778 8.499949 8.592588 8.678762 8.600931 8.626678 8.806301 8.909574 8.871104 8.914554 9.020256 9.152695 9.27406 9.358969 9.332831 9.306184 9.230324 9.178551 9.138163 9.129572 9.188198 9.044507 8.824164 8.631313 8.529019 8.532576 8.402924 8.350707 8.312426 8.251682 8.27056 8.261615 8.256699 8.216264 7.993578 7.917533 7.85776 7.792005 7.776353 7.689978 7.667918 7.768843 7.646016 7.508147 7.561549 7.58424 7.469003 7.44998 7.344196 7.287591 7.26492 7.366327 7.274686 7.159019
7.989875 7.915016 7.970341 8.006377 8.044801 8.168078 8.254095 8.18946 8.223189 8.33303 8.422635 8.469419 8.523283 8.510963 8.55328 8.722728 8.845067 8.843672 8.903983 9.004962 9.122888 9.25555 9.358637 9.415721 9.417896 9.364886 9.291469 9.247267 9.24474 9.197379 9.020851 8.873106 8.737698 8.651022 8.572263 8.435229 8.463265 8.453887 8.378718 8.266078 8.126946 8.223692 8.211886 8.006955 8.022454 8.018871 7.936012 7.875524 7.809031 7.785918 7.703354 7.671438 7.525537 7.469809 7.508131 7.544199 7.58457 7.436904 7.362229 7.259295 7.209652 7.156238 7.183678
8.027423 7.906799 7.944587 8.062276 8.123572 8.192661 8.246013 8.202776 8.111898 8.20119 8.274906 8.376423 8.420862 8.443999 8.493916 8.634549 8.763625 8.861063 8.893078 9.009344 9.065373 9.180868 9.287541 9.372028 9.41875 9.418584 9.366708 9.381459 9.357614 9.184733 8.990695 8.901759 8.827785 8.699176 8.570409 8.509824 8.516299 8.523738 8.464128 8.368965 8.245645 8.246173 8.231928 8.040288 8.138907 8.112258 7.982893 7.946189 7.861685 7.816866 7.747183 7.741408 7.595994 7.507995 7.619272 7.674957 7.673516 7.577766 7.476398 7.403136 7.328712 7.255487 7.239311
7.987373 7.975281 7.969462 8.05656 8.106047 8.158013 8.223131 8.196986 8.16542 8.128798 8.200869 8.325699 8.308552 8.358484 8.44614 8.544909 8.643635 8.770933 8.887337 8.962836 9.05452 9.086484 9.180867 9.304655 9.37978 9.42481 9.428849 9.535906 9.465539 9.24701 9.041687 8.972361 8.903136 8.776631 8.688152 8.661265 8.649674 8.58371 8.516321 8.43672 8.315379 8.194105 8.222785 8.101145 8.213228 8.180038 8.098218 8.050049 8.009609 7.92637 7.880883 7.777874 7.637925 7.566142 7.709989 7.740479 7.760969 7.664232 7.606491 7.580528 7.506427 7.465613 7.36853
7.90468 7.945156 7.989952 8.009551 8.035322 8.038593 8.068411 8.167647 8.2621 8.253893 8.16647 8.319345 8.272048 8.313439 8.374646 8.467819 8.546687 8.689747 8.82089 8.895541 9.007256 9.078183 9.099442 9.253023 9.349662 9.396205 9.42619 9.475278 9.518081 9.31332 9.107318 8.981714 8.942435 8.809196 8.805863 8.804896 8.724216 8.636165 8.556735 8.460753 8.308577 8.221966 8.125536 8.198538 8.251201 8.219549 8.222896 8.18024 8.140613 8.011895 8.008233 7.863443 7.697676 7.645432 7.724009 7.764352 7.798035 7.697093 7.646926 7.595603 7.567792 7.631752 7.507807
7.895818 7.910572 7.951647 7.884872 7.897548 7.869566 7.984155 8.111063 8.193222 8.219685 8.244978 8.314342 8.398914 8.374331 8.329973 8.398548 8.484707 8.618468 8.708993 8.784547 8.914745 9.009315 9.097289 9.142703 9.251167 9.327498 9.390134 9.460036 9.571784 9.380556 9.151922 9.043729 8.987173 8.830968 8.827702 8.913146 8.824091 8.711975 8.600948 8.481536 8.334397 8.267982 8.172653 8.170683 8.120507 8.171612 8.203418 8.148944 8.059676 7.957424 8.109898 7.970362 7.828767 7.733914 7.693696 7.728397 7.749995 7.689325 7.638765 7.559783 7.582965 7.566848 7.527062
7.972421 7.890274 7.924412 7.955801 7.93583 7.995761 8.075103 8.08323 8.051172 8.107333 8.207015 8.21982 8.336164 8.382882 8.291556 8.388613 8.471546 8.566074 8.623019 8.716355 8.815118 8.950816 9.050835 9.118262 9.186509 9.233417 9.273548 9.384107 9.46744 9.362185 9.164511 9.074073 9.036642 8.901423 8.840714 8.85886 8.881357 8.749793 8.64822 8.550757 8.439061 8.305449 8.289391 8.305916 8.201707 8.123116 8.230479 8.111761 7.993493 8.049963 8.046164 7.993051 7.908949 7.809363 7.746985 7.805857 7.710026 7.58015 7.546034 7.565827 7.542532 7.526235 7.553418
8.053547 7.919117 7.892372 7.927425 7.960474 8.012406 8.067212 8.093242 8.060039 8.002861 8.137466 8.210212 8.291336 8.3533 8.349534 8.401533 8.45338 8.493942 8.565513 8.672753 8.794801 8.942232 8.983743 9.065856 9.135785 9.202144 9.163395 9.264601 9.360187 9.320604 9.16626 9.134167 9.037415 8.976482 8.954276 8.915428 8.937667 8.797291 8.703921 8.636646 8.490636 8.318097 8.343231 8.374956 8.233277 8.225209 8.207071 8.104096 8.136304 8.055862 8.006289 7.998344 7.882063 7.790372 7.814172 7.825711 7.683702 7.542713 7.444749 7.478095 7.535354 7.379169 7.53668
8.120593 7.991323 7.887069 7.893923 7.929449 7.98208 8.025343 7.970982 7.949282 8.024128 8.054291 8.119336 8.217256 8.305751 8.309395 8.312588 8.347401 8.418182 8.515745 8.61039 8.725644 8.874863 8.952924 9.016267 9.079438 9.152332 9.183477 9.252897 9.305491 9.309989 9.248187 9.202038 9.059014 9.061249 8.939493 8.961026 8.983117 8.842875 8.747688 8.658525 8.497553 8.365775 8.394386 8.389 8.274569 8.231651 8.188418 8.111424 8.031075 7.978425 7.924625 7.849968 7.773347 7.706969 7.803761 7.75071 7.667802 7.572219 7.526744 7.575025 7.667818 7.487716 7.512863
8.103007 8.013894 7.900426 7.890286 7.907545 7.937051 7.885715 7.936562 8.043715 8.012029 8.044493 8.105673 8.210999 8.294725 8.267218 8.241668 8.358131 8.43403 8.428516 8.513649 8.647369 8.809289 8.903234 8.964663 9.028661 9.104238 9.177472 9.188649 9.28822 9.260647 9.260149 9.330942 9.159082 9.018962 8.898275 8.993971 8.95116 8.868339 8.78991 8.687507 8.522342 8.475032 8.505833 8.413802 8.286702 8.308078 8.259209 8.109001 7.990144 8.086459 8.049359 7.97772 7.910394 7.817289 7.716563 7.697732 7.752191 7.596595 7.529547 7.586026 7.518797 7.414305 7.405909
8.078959 8.103644 8.030964 8.025283 8.006497 7.9184 7.948486 7.999144 8.056037 8.034436 7.967731 8.030716 8.139802 8.192873 8.216331 8.23282 8.331248 8.357783 8.381432 8.483236 8.605742 8.74374 8.840855 8.91608 8.999779 9.068022 9.159111 9.107316 9.16179 9.218843 9.248181 9.212628 9.19825 9.098684 9.016696 9.056648 8.993646 8.91415 8.831332 8.714033 8.551612 8.540874 8.557612 8.409357 8.330357 8.388121 8.286736 8.130398 8.031289 8.087721 8.05518 7.934 7.869143 7.781285 7.782542 7.675873 7.727273 7.666423 7.659821 7.694792 7.666858 7.577657 7.632932
8.047299 8.09224 8.126605 8.116239 7.971142 7.887568 7.921774 7.972733 8.025743 8.071194 8.05436 8.040473 8.136888 8.180853 8.146745 8.206017 8.285034 8.317064 8.410556 8.401307 8.485535 8.620724 8.731498 8.839333 8.91258 9.02844 9.072432 9.059525 9.181464 9.257603 9.186284 9.248725 9.257011 9.164766 9.131172 9.121644 9.039625 8.94147 8.850462 8.712975 8.568587 8.61984 8.573503 8.428826 8.41335 8.435729 8.296594 8.153732 8.083714 8.02108 8.120864 8.021181 7.904142 7.873637 7.906847 7.746029 7.656535 7.736872 7.683917 7.596371 7.50848 7.572329 7.501913
8.016332 8.060054 8.104862 8.132266 8.048238 7.91135 7.892303 7.935212 7.997639 8.095338 8.111357 7.971234 8.049407 8.061728 8.096065 8.230077 8.216701 8.247312 8.36428 8.338992 8.402818 8.519057 8.605613 8.755347 8.856788 8.979902 9.057984 9.085429 9.142366 9.252213 9.224235 9.197432 9.201588 9.223216 9.132093 9.163838 9.055315 8.910863 8.903801 8.767579 8.643733 8.545779 8.489237 8.42095 8.49774 8.496652 8.371697 8.229325 8.14501 8.116094 8.163738 8.011094 7.999691 7.957998 7.967887 7.848847 7.72999 7.707351 7.63955 7.591138 7.587413 7.628706 7.620404
7.987245 8.029462 8.072459 8.106174 8.114102 7.992877 7.932965 7.915706 7.950972 8.010851 8.017175 7.970428 8.052952 8.150267 8.019394 8.099337 8.165574 8.269245 8.344497 8.34462 8.362491 8.474709 8.534564 8.672385 8.76785 8.888752 8.972397 9.03494 9.100045 9.277053 9.381319 9.259988 9.204386 9.242595 9.227003 9.224008 9.126997 8.986018 8.955489 8.829086 8.734333 8.637423 8.627593 8.521358 8.599064 8.549481 8.415138 8.297108 8.16431 8.194571 8.239662 8.065286 7.942173 7.872351 7.93573 7.80271 7.731099 7.785066 7.796209 7.764184 7.733581 7.71706 7.619004
7.965233 8.006903 8.048931 8.082734 8.110761 8.03349 8.092073 8.022967 7.93255 7.968921 7.905277 7.957988 8.096579 8.177674 8.091408 8.032135 8.128258 8.308435 8.40907 8.369121 8.322138 8.403494 8.529807 8.67243 8.700253 8.827453 8.912047 8.976563 9.013907 9.208218 9.417875 9.353642 9.245465 9.247005 9.400043 9.251893 9.173351 9.033579 8.949741 8.926847 8.844913 8.731791 8.685196 8.534101 8.53064 8.425818 8.318839 8.387835 8.218002 8.217164 8.169342 8.030948 7.947096 7.923221 7.948431 7.823992 7.817254 7.742641 7.773301 7.662819 7.587693 7.548617 7.542874
7.943455 7.984733 8.026182 8.058875 8.092956 8.126136 8.176401 8.121726 7.943483 7.950871 7.990016 7.987719 8.093212 8.152339 8.121734 8.002427 8.125907 8.288373 8.384868 8.37447 8.291693 8.356776 8.467615 8.600947 8.627153 8.767591 8.838312 8.896607 8.900126 9.075378 9.316208 9.447394 9.38479 9.274703 9.335363 9.25849 9.227765 9.11629 9.019321 8.953435 8.88779 8.793958 8.675364 8.590112 8.55201 8.461249 8.339768 8.360785 8.228745 8.155999 8.102255 8.050316 8.013084 8.042538 7.921064 7.880857 7.894443 7.891181 7.873045 7.747431 7.715798 7.731499 7.670223
7.915405 7.956195 7.997054 8.028955 8.062 8.106148 8.149754 8.129095 7.956049 7.918043 7.960486 7.938998 8.03641 8.071161 7.997553 8.023603 8.16728 8.28945 8.328778 8.309903 8.347317 8.360244 8.389086 8.484785 8.577584 8.704127 8.800521 8.889962 8.918488 8.958708 9.174735 9.395299 9.521663 9.410514 9.284759 9.353221 9.315507 9.208454 9.084135 8.995754 8.965494 8.901668 8.808304 8.689311 8.564033 8.494987 8.386033 8.358938 8.288852 8.229526 8.2115 8.191996 8.134289 8.044315 7.963778 7.910633 7.877689 7.882181 7.782338 7.722439 7.746315 7.720729 7.754871
7.887254 7.927547 7.967917 7.999368 8.031512 8.074745 8.115403 8.086011 8.027951 7.943446 7.913665 7.809652 7.931519 7.976447 8.046375 8.060916 8.165628 8.243498 8.216911 8.213665 8.278992 8.340919 8.383003 8.501147 8.531257 8.589582 8.692834 8.83212 8.911324 8.879835 9.035273 9.254938 9.47001 9.549627 9.446053 9.373512 9.394505 9.276297 9.117948 8.961273 8.924003 8.934635 8.872831 8.74284 8.650333 8.596896 8.46201 8.396432 8.358285 8.362081 8.266363 8.22785 8.224907 8.072852 7.984711 7.897952 7.959689 7.91906 7.901814 7.777103 7.715731 7.737939 7.790152
7.859514 7.899318 7.93921 7.970266 8.001848 8.043958 8.08865 8.128751 8.150875 8.084901 7.972205 7.917267 7.937565 8.02433 8.091231 8.078517 8.132829 8.135759 8.14628 8.226241 8.285187 8.243038 8.305432 8.36338 8.447267 8.546251 8.65417 8.754195 8.843513 8.83796 8.897376 9.101283 9.335349 9.517335 9.584682 9.499803 9.429296 9.32742 9.175227 9.039255 8.9151 8.81997 8.826524 8.731876 8.665876 8.655358 8.514717 8.533161 8.451489 8.408879 8.358524 8.286114 8.24872 8.136475 8.013777 7.954689 7.884702 7.891314 7.925354 7.912222 7.806962 7.768524 7.740383
7.832114 7.871442 7.910861 7.941533 7.972693 8.013904 8.056995 8.10188 8.146874 8.175325 8.084988 7.936628 7.956223 8.01549 8.055449 8.009594 8.130849 8.164812 8.039595 8.109368 8.156582 8.225995 8.391112 8.311445 8.408941 8.504425 8.584475 8.658004 8.74877 8.823863 8.807284 8.980305 9.187895 9.399179 9.542614 9.567612 9.483576 9.39732 9.258092 9.102099 8.970178 8.878983 8.807188 8.736421 8.718775 8.711367 8.592083 8.626192 8.538195 8.516332 8.46265 8.377793 8.272781 8.179461 8.072538 7.975024 7.965775 7.98271 8.030844 7.922784 7.850706 7.807095 7.825977
7.805037 7.843899 7.882855 7.91315 7.943928 7.984593 8.026647 8.069789 8.115029 8.157849 8.13731 7.951038 7.931141 8.024265 8.019395 7.953691 8.059412 8.062634 8.094954 8.089885 8.141034 8.194204 8.256484 8.248481 8.340757 8.447872 8.469399 8.576093 8.695348 8.762244 8.733561 8.884525 9.047367 9.231792 9.436568 9.563638 9.583627 9.507771 9.382013 9.232362 9.116997 9.012782 8.925804 8.836744 8.824983 8.761986 8.709699 8.673804 8.631916 8.572873 8.505891 8.404653 8.322556 8.22716 8.138152 8.036219 8.078721 8.112105 8.01876 7.950271 7.922475 7.842636 7.797058
7.778273 7.816681 7.855186 7.88511 7.915509 7.955697 7.997184 8.039379 8.083061 8.128299 8.148743 7.996025 7.900151 7.942643 7.988667 8.02877 8.083794 7.96763 8.035015 8.121086 8.200059 8.18757 8.1654 8.194109 8.283453 8.429716 8.484089 8.508991 8.610045 8.66352 8.664804 8.796072 8.923681 9.057982 9.281444 9.476966 9.58324 9.600688 9.525544 9.401113 9.280111 9.164744 9.075191 8.980749 8.899139 8.842289 8.815702 8.754419 8.671253 8.553472 8.489579 8.3994 8.3466 8.266729 8.182133 8.133838 8.16867 8.126596 8.073332 8.043516 7.928114 7.86413 7.829494
7.751817 7.789781 7.827843 7.857405 7.887432 7.927143 7.968127 8.009735 8.0524 8.097562 8.13811 8.075832 7.96227 7.920306 7.951601 8.010106 8.05562 8.062299 7.982864 8.116676 8.08123 8.081242 8.156729 8.168921 8.261061 8.381156 8.472375 8.44652 8.488853 8.558136 8.611226 8.730493 8.826371 8.911893 9.100676 9.329199 9.467559 9.573764 9.655684 9.590634 9.438194 9.283931 9.188307 9.109804 9.003121 8.893298 8.869664 8.792148 8.669415 8.577423 8.470141 8.429768 8.448325 8.356447 8.297978 8.250098 8.196025 8.07346 8.047814 8.052384 7.928397 7.842302 7.856419
7.725661 7.763191 7.800821 7.830031 7.859693 7.898935 7.93942 7.980508 8.022355 8.065736 8.112158 8.149742 8.124353 8.035988 7.94529 8.021495 8.02364 8.06938 8.057585 8.106997 8.139333 8.198598 8.1832 8.209743 8.265397 8.332071 8.406046 8.460669 8.5079 8.500097 8.623849 8.767099 8.881082 8.880865 8.960547 9.180375 9.359785 9.491715 9.642846 9.656566 9.497664 9.383843 9.302682 9.229259 9.098746 8.988397 8.8999 8.816005 8.708856 8.591712 8.520542 8.390153 8.463894 8.449035 8.395864 8.348561 8.229079 8.138185 8.100989 8.138653 8.057074 8.014301 7.98437
7.699798 7.736904 7.774112 7.802977 7.832284 7.871067 7.911062 7.951654 7.992934 8.035048 8.078913 8.125404 8.165793 8.160766 8.036587 7.950975 7.990231 8.088711 8.085234 8.073796 8.023694 8.114937 8.163522 8.126051 8.230393 8.29134 8.392764 8.491752 8.43518 8.461433 8.616529 8.767035 8.864689 8.920455 8.892109 9.064552 9.290134 9.460148 9.598283 9.654381 9.528208 9.485888 9.43702 9.292121 9.167239 9.063645 8.977121 8.889106 8.767295 8.663398 8.573112 8.475678 8.454159 8.417666 8.393073 8.34319 8.305985 8.233807 8.189588 8.197317 8.147365 8.100542 8.045671
7.674222 7.710913 7.747709 7.776237 7.805197 7.84353 7.883045 7.923148 7.963937 8.005431 8.047791 8.091933 8.13892 8.176112 8.080461 7.927155 7.946848 8.022182 8.108373 8.144353 8.022182 8.102484 8.227661 8.276463 8.283681 8.25133 8.312051 8.378564 8.40891 8.47807 8.624996 8.73585 8.807167 8.834423 8.854297 8.96449 9.164715 9.344893 9.493793 9.577839 9.541571 9.51181 9.405471 9.337229 9.241244 9.129859 9.046672 8.972329 8.86903 8.754801 8.621337 8.559507 8.461553 8.5318 8.480323 8.420218 8.356489 8.295291 8.231782 8.173991 8.188646 8.151659 8.147683
7.648927 7.685213 7.721604 7.749804 7.778425 7.81632 7.855365 7.894985 7.935283 7.976286 8.018008 8.060748 8.105722 8.14719 8.100234 7.958018 7.919196 7.961518 8.022837 8.050978 7.942724 8.093301 8.158538 8.154138 8.15699 8.246591 8.253825 8.273852 8.306324 8.400437 8.553993 8.670745 8.759995 8.822165 8.866389 8.899103 8.983529 9.134771 9.302418 9.407393 9.419047 9.432654 9.412986 9.357687 9.282963 9.197042 9.134721 9.080889 8.948886 8.801369 8.672692 8.559738 8.511965 8.439181 8.475033 8.450384 8.34032 8.301829 8.308129 8.190414 8.273063 8.195523 8.14789
7.623906 7.659796 7.695792 7.72367 7.751961 7.789427 7.828013 7.86716 7.906971 7.94748 7.988695 8.03068 8.074127 8.120667 8.157539 8.088893 7.986085 7.932195 7.977839 8.026647 8.011569 8.044271 8.018481 8.105333 8.180165 8.22049 8.172641 8.218027 8.282367 8.309718 8.425455 8.553863 8.675801 8.731295 8.726626 8.759197 8.819428 8.941983 9.115838 9.256443 9.337711 9.410616 9.426346 9.408389 9.371725 9.298253 9.261506 9.214627 9.043749 8.893418 8.766193 8.658314 8.54831 8.480906 8.548539 8.509691 8.435281 8.381032 8.34503 8.285027 8.269142 8.242712 8.187841
