hazard/sumatran_fault_7.8_shakemap.asc
ncols         388
nrows         251
xllcorner     97.796052334
yllcorner     -3.545616666
cellsize      0.016233332
NODATA_value  -9999
[rows 140 to 167 of 251, columns 252 to 314 of 388]
7.259528 7.181464 7.072779 7.091825 7.172286 7.24612 7.248163 7.369752 7.31116 7.296867 7.18746 7.046838 6.95805 6.983693 7.178317 7.175066 7.175346 7.198647 7.138659 7.144088 7.114905 7.02153 7.059738 7.042124 7.014518 6.987616 6.961325 6.935466 6.909814 6.88447 6.859421 6.834641 6.810276 6.786075 6.754719 6.738164 6.720823 6.702844 6.679751 6.656788 6.63413 6.611491 6.578098 6.489501 6.543268 6.524075 6.502345 6.481156 6.460262 6.439384 6.418555 6.398017 6.377766 6.357703 6.337698 6.313826 6.303432 6.287055 6.232339 6.176048 6.229636 6.208306 6.190471
7.169916 7.077783 7.064377 6.986247 7.052228 7.163976 7.175459 7.2187 7.275557 7.364327 7.236414 7.11573 7.025141 6.972385 7.14386 7.033909 7.058878 7.138715 6.96465 7.047109 7.139277 7.110986 7.077637 7.056804 7.028907 7.006707 6.979758 6.953541 6.927732 6.902203 6.876962 6.851991 6.827462 6.803397 6.773817 6.736122 6.73692 6.719453 6.695993 6.672846 6.649993 6.627491 6.60501 6.573881 6.55753 6.539411 6.517501 6.496189 6.471982 6.449579 6.433348 6.412422 6.391963 6.371596 6.340491 6.252591 6.313313 6.302504 6.282047 6.257418 6.244495 6.225374 6.20651
7.224654 7.12718 7.061362 7.049053 7.038584 7.096848 7.182959 7.158219 7.152611 7.212676 7.125003 7.154217 7.035743 6.981837 7.134921 7.012137 7.0897 7.15163 7.019743 6.989052 7.142086 7.10521 6.975069 6.987828 6.968548 7.022283 6.998517 6.971845 6.945803 6.920074 6.89464 6.869534 6.844733 6.810236 6.709596 6.619311 6.734548 6.735727 6.712414 6.689026 6.666 6.64326 6.620695 6.586727 6.498064 6.551699 6.532785 6.503106 6.419581 6.384953 6.444602 6.427027 6.406261 6.38598 6.365515 6.335935 6.330819 6.315948 6.29649 6.276983 6.257652 6.238499 6.219534
7.258075 7.196569 7.177171 7.132067 7.090101 7.134122 7.215565 7.180298 7.149838 7.121212 7.080881 7.061448 7.082625 6.989937 7.048167 7.082989 7.008566 7.045547 7.090962 7.10835 7.178266 7.095867 7.02642 7.019618 7.052384 7.043929 7.016951 6.990237 6.964015 6.938084 6.912451 6.887143 6.862189 6.829636 6.744884 6.745356 6.769595 6.752666 6.728794 6.705309 6.682125 6.65917 6.636592 6.613782 6.581285 6.56973 6.547878 6.52614 6.49685 6.473009 6.46243 6.441421 6.420641 6.400146 6.379903 6.35971 6.344718 6.329718 6.310062 6.290514 6.271098 6.251874 6.232803
7.443404 7.410776 7.362635 7.313148 7.29387 7.286262 7.345795 7.247709 7.227308 7.136262 7.089097 7.072369 7.114945 7.018786 6.984168 7.031153 6.946091 6.914845 6.99878 7.145237 7.189438 7.159538 7.082491 7.103676 7.090223 7.062987 7.035568 7.008797 6.982374 6.956236 6.9304 6.904849 6.879719 6.854797 6.823513 6.804238 6.787562 6.769107 6.745342 6.721741 6.698394 6.675239 6.652364 6.629835 6.607198 6.585125 6.563014 6.54131 6.519725 6.498256 6.477084 6.455968 6.435137 6.414504 6.394032 6.373856 6.358679 6.34365 6.323871 6.304189 6.284681 6.265347 6.246165
7.56459 7.569026 7.471592 7.378495 7.337933 7.364178 7.421131 7.322268 7.256699 7.112442 7.007023 7.088065 7.142313 7.108948 7.091048 7.127627 7.062011 6.925571 6.957575 7.148577 7.183955 7.193557 7.16104 7.137762 7.109755 7.081795 7.054476 7.027519 7.000879 6.974533 6.948493 6.922733 6.897281 6.872206 6.847243 6.822817 6.804214 6.785932 6.762137 6.738548 6.715028 6.691543 6.668381 6.645564 6.623013 6.600649 6.578569 6.556646 6.534817 6.513233 6.491848 6.470686 6.449724 6.428962 6.408356 6.38803 6.372788 6.357671 6.337773 6.317971 6.298347 6.278899 6.259604
7.583306 7.506359 7.455158 7.406225 7.373738 7.4712 7.393219 7.340077 7.290944 7.181935 7.144507 7.181067 7.185213 7.262321 7.159577 7.037988 6.974116 6.956048 6.996143 7.176609 7.190528 7.187744 7.185249 7.157669 7.128986 7.101117 7.073578 7.04639 7.019534 6.992975 6.966728 6.940766 6.915103 6.889718 6.864609 6.839864 6.821306 6.803028 6.779307 6.752205 6.727785 6.708453 6.684697 6.661551 6.638996 6.616717 6.594095 6.571821 6.55056 6.52865 6.50707 6.485639 6.464421 6.443508 6.422775 6.402322 6.386987 6.371776 6.351758 6.331835 6.312094 6.29253 6.273122
7.496441 7.480587 7.540969 7.496325 7.404646 7.360696 7.359441 7.358828 7.316535 7.217954 7.238868 7.248743 7.216293 7.179767 7.129618 7.020671 7.050692 7.098951 7.088749 7.210229 7.211358 7.181902 7.192415 7.177405 7.149073 7.120855 7.092962 7.065422 7.038339 7.011566 6.985108 6.958941 6.933077 6.907486 6.882151 6.857242 6.838598 6.820334 6.788916 6.697304 6.664734 6.718252 6.701701 6.678111 6.655303 6.624105 6.57971 6.549505 6.559137 6.544012 6.520087 6.500753 6.479548 6.45818 6.437282 6.416705 6.401274 6.385968 6.365828 6.345784 6.325924 6.306242 6.286719
7.445788 7.350432 7.48117 7.521629 7.481019 7.420386 7.527843 7.406713 7.352187 7.251916 7.264842 7.371167 7.351272 7.286035 7.212128 7.060325 7.009407 7.105079 6.986678 7.128987 7.225471 7.202309 7.186112 7.196889 7.169338 7.135724 7.112865 7.08473 7.057303 7.030309 7.003637 6.97726 6.951191 6.925401 6.899866 6.874771 6.856063 6.837983 6.798543 6.688311 6.669056 6.661612 6.713161 6.695783 6.653303 6.533717 6.423316 6.366999 6.456344 6.504464 6.457581 6.492473 6.494121 6.473313 6.451909 6.431176 6.41565 6.400249 6.379985 6.359818 6.339838 6.320037 6.300398
7.387032 7.403876 7.435644 7.413202 7.442903 7.477377 7.405584 7.481427 7.439673 7.339794 7.373085 7.358549 7.324233 7.369454 7.312288 7.14193 7.048294 7.01693 7.038905 7.179934 7.250417 7.223373 7.193587 7.177963 7.16403 7.080796 7.129468 7.104359 7.07646 7.049206 7.022316 6.995725 6.969449 6.943455 6.91772 6.892458 6.873747 6.852081 6.767128 6.589932 6.602157 6.583762 6.661868 6.707277 6.616026 6.4295 6.356091 6.270856 6.322006 6.348154 6.290182 6.365906 6.476387 6.487882 6.466821 6.445747 6.430116 6.414618 6.394229 6.373938 6.353836 6.333916 6.314158
7.529459 7.519081 7.407386 7.486359 7.466015 7.429894 7.454611 7.379499 7.394352 7.291196 7.383596 7.381126 7.346306 7.311244 7.232493 7.1614 7.18521 7.164881 7.209597 7.284997 7.275392 7.244419 7.213659 7.17864 7.110518 7.157898 7.15189 7.123686 7.095708 7.068257 7.041147 7.01434 6.987852 6.961651 6.935716 6.910285 6.891285 6.862666 6.746747 6.562675 6.679787 6.602512 6.719972 6.718632 6.572465 6.417124 6.361129 6.274169 6.251616 6.235317 6.208366 6.243954 6.387336 6.494773 6.481956 6.460453 6.444673 6.429078 6.408562 6.388145 6.367919 6.347878 6.328001
7.568271 7.546867 7.454481 7.459884 7.490425 7.45717 7.492636 7.405475 7.410614 7.307526 7.295852 7.392337 7.38379 7.295729 7.250968 7.128326 7.269392 7.223199 7.289377 7.326072 7.292629 7.26601 7.235179 7.20486 7.174689 7.199406 7.172842 7.143279 7.115138 7.087471 7.060136 7.033109 7.006406 6.979994 6.95385 6.928183 6.909131 6.889374 6.830098 6.704844 6.598013 6.604403 6.685294 6.730109 6.590199 6.425465 6.352844 6.310684 6.267303 6.242997 6.22078 6.202815 6.285003 6.470263 6.496372 6.475349 6.459328 6.443629 6.422987 6.402441 6.382091 6.361927 6.341929
7.501661 7.609238 7.568106 7.504992 7.524908 7.494189 7.526237 7.489264 7.415894 7.342115 7.307783 7.385536 7.501925 7.404956 7.311193 7.212824 7.259689 7.253877 7.363162 7.291144 7.240235 7.284356 7.256637 7.226054 7.196283 7.180543 7.191195 7.163506 7.13482 7.106875 7.079312 7.052062 7.025138 6.998513 6.972158 6.94627 6.926885 6.908125 6.881266 6.825207 6.731466 6.630782 6.701701 6.757801 6.693738 6.572835 6.51458 6.46953 6.34451 6.265366 6.23492 6.215216 6.249424 6.444242 6.510756 6.490416 6.474092 6.458287 6.43754 6.416842 6.396362 6.376074 6.355954
7.623805 7.668317 7.63015 7.591518 7.622819 7.562557 7.479216 7.580077 7.529356 7.453737 7.399339 7.440829 7.563966 7.427566 7.385324 7.380889 7.327215 7.295708 7.329064 7.360879 7.330755 7.309026 7.277812 7.247102 7.216571 7.18787 7.198232 7.183316 7.154595 7.126287 7.098493 7.071021 7.04388 7.017041 6.990482 6.964397 6.944839 6.925504 6.900635 6.874847 6.838488 6.791764 6.792563 6.777572 6.751908 6.710625 6.675248 6.61927 6.478334 6.324871 6.213211 6.227561 6.228511 6.388374 6.515944 6.50516 6.488918 6.473056 6.452202 6.431324 6.410659 6.390244 6.370003
7.683456 7.692201 7.654258 7.609514 7.574975 7.530739 7.507727 7.591804 7.467423 7.492123 7.3628 7.514495 7.597117 7.47726 7.507286 7.495356 7.456866 7.428169 7.400318 7.390137 7.34343 7.325272 7.293636 7.263672 7.233115 7.202096 7.173987 7.197948 7.170207 7.1412 7.113157 7.085511 7.0582 7.031193 7.004471 6.97821 6.958532 6.939029 6.913546 6.888404 6.86345 6.837663 6.814046 6.789506 6.765651 6.741893 6.718842 6.690096 6.612102 6.474123 6.34087 6.268308 6.232265 6.377463 6.522186 6.516359 6.500212 6.484216 6.458216 6.442491 6.421562 6.401001 6.380665
7.686625 7.644949 7.671946 7.633734 7.617111 7.557947 7.577129 7.510335 7.436109 7.402676 7.365671 7.438921 7.540428 7.575449 7.552337 7.465136 7.35443 7.28725 7.254467 7.387053 7.245748 7.316174 7.273739 7.266387 7.249418 7.218956 7.18922 7.186622 7.184229 7.156446 7.12796 7.100103 7.07262 7.045444 7.018553 6.992129 6.972314 6.952699 6.927036 6.901497 6.876344 6.851443 6.826663 6.802154 6.777996 6.754156 6.730642 6.707833 6.681141 6.624338 6.535814 6.413924 6.286675 6.403608 6.535796 6.52778 6.511412 6.484782 6.395763 6.450786 6.432629 6.411831 6.391382
7.742103 7.604708 7.637068 7.670816 7.75029 7.632079 7.68721 7.591085 7.495424 7.425839 7.449238 7.465736 7.516138 7.605597 7.582495 7.507944 7.352355 7.254953 7.359646 7.419557 7.309784 7.230479 7.116826 7.162244 7.254716 7.240447 7.209262 7.180662 7.191305 7.176194 7.147693 7.119465 7.09175 7.064353 7.037242 7.010636 6.990668 6.970877 6.945015 6.919257 6.893835 6.868689 6.843801 6.819184 6.794831 6.770733 6.746883 6.723395 6.700624 6.676782 6.631924 6.525774 6.406659 6.487495 6.561287 6.543073 6.526539 6.510106 6.478814 6.468053 6.447021 6.426209 6.405649
7.743117 7.747725 7.741747 7.69245 7.665445 7.680329 7.60416 7.608044 7.584519 7.465942 7.493924 7.591541 7.588751 7.552919 7.582984 7.559166 7.506565 7.456013 7.470951 7.453082 7.405839 7.34318 7.251237 7.228903 7.215967 7.258963 7.231002 7.200688 7.184988 7.195755 7.16819 7.139219 7.111189 7.083564 7.056228 7.029402 7.009266 6.989316 6.963255 6.937294 6.911671 6.886321 6.861252 6.836452 6.811917 6.787639 6.763611 6.739831 6.716364 6.6935 6.67051 6.63422 6.586221 6.591508 6.580413 6.558117 6.541621 6.52546 6.503942 6.482797 6.46163 6.440758 6.42007
7.607887 7.713838 7.825043 7.726763 7.615479 7.709728 7.593493 7.41376 7.453233 7.474578 7.452683 7.558098 7.547315 7.403543 7.45046 7.455287 7.526508 7.532169 7.509271 7.475011 7.437856 7.408783 7.365523 7.334764 7.305058 7.28313 7.25212 7.22136 7.192533 7.189636 7.187176 7.15936 7.130798 7.102905 7.075342 7.048297 7.027994 7.007882 6.981614 6.955447 6.929622 6.904075 6.878814 6.853825 6.829106 6.804648 6.780447 6.756495 6.732786 6.709355 6.686381 6.663555 6.639662 6.618266 6.595597 6.573418 6.556896 6.54053 6.519048 6.497595 6.476387 6.455387 6.434568
7.769272 7.758434 7.710874 7.747602 7.68168 7.671124 7.618969 7.542191 7.530521 7.502316 7.465537 7.50248 7.478143 7.479862 7.425082 7.370026 7.410997 7.53997 7.531433 7.478343 7.389343 7.429913 7.40008 7.367651 7.331951 7.300226 7.274228 7.242952 7.212111 7.183732 7.194207 7.179424 7.150716 7.122413 7.094613 7.067348 7.046876 7.026597 7.000119 6.973742 6.947713 6.921967 6.89651 6.87133 6.846423 6.821783 6.797402 6.773277 6.749399 6.725765 6.702381 6.679317 6.656456 6.633677 6.611086 6.588912 6.572284 6.555799 6.534142 6.512585 6.491244 6.470109 6.449157
7.679274 7.644439 7.575018 7.722859 7.818199 7.756194 7.66745 7.607204 7.570634 7.530059 7.496218 7.466002 7.55253 7.546911 7.558836 7.483987 7.515688 7.578445 7.540298 7.44158 7.354833 7.445839 7.422512 7.380613 7.284876 7.248695 7.293733 7.265476 7.233928 7.202824 7.174903 7.198836 7.171458 7.142186 7.114044 7.086555 7.065913 7.045465 7.018773 6.992183 6.965946 6.939997 6.914341 6.888968 6.863872 6.839045 6.814482 6.790179 6.766129 6.742326 6.71876 6.695448 6.672365 6.649501 6.626835 6.604516 6.587772 6.571176 6.549374 6.527678 6.506198 6.484926 6.46384
7.749974 7.673594 7.686904 7.789329 7.857717 7.923266 7.73705 7.659009 7.624462 7.577258 7.587353 7.528848 7.456395 7.522608 7.665535 7.585477 7.614419 7.601897 7.521272 7.471961 7.48361 7.477098 7.44073 7.406341 7.316206 7.338912 7.288866 7.283443 7.256139 7.224821 7.194706 7.179436 7.190097 7.162416 7.13368 7.105923 7.085108 7.06449 7.03758 7.010773 6.984325 6.95817 6.932313 6.906742 6.881453 6.856437 6.83169 6.807207 6.782979 6.759004 6.73527 6.711787 6.688533 6.665518 6.642696 6.620224 6.603366 6.586658 6.56471 6.542869 6.521249 6.499838 6.478616
7.772163 7.707298 7.781956 7.858876 7.950661 7.849307 7.788414 7.750779 7.754797 7.660727 7.571808 7.517279 7.564645 7.533138 7.621604 7.683913 7.661646 7.632735 7.596563 7.540021 7.464756 7.434247 7.387495 7.43287 7.373284 7.291737 7.140544 7.229324 7.274687 7.246431 7.215518 7.186883 7.197255 7.182425 7.153623 7.125459 7.104463 7.083673 7.056543 7.029515 7.002853 6.976488 6.950427 6.924655 6.89917 6.873963 6.849028 6.824361 6.799953 6.775802 6.751896 6.728246 6.704826 6.681649 6.658667 6.63604 6.619066 6.602243 6.58015 6.558162 6.536399 6.514848 6.493488
7.892226 7.867273 7.887216 7.875212 7.850118 7.772409 7.743468 7.700726 7.741385 7.700039 7.643973 7.60177 7.641568 7.606259 7.523635 7.619179 7.679691 7.658397 7.607609 7.476227 7.425833 7.304873 7.397815 7.444114 7.315447 7.248604 7.250462 7.309875 7.298413 7.267467 7.236873 7.206042 7.177969 7.201862 7.174492 7.14527 7.12398 7.103014 7.075662 7.04841 7.021531 6.994953 6.968683 6.942708 6.917024 6.891623 6.866498 6.841644 6.817054 6.792724 6.768643 6.744822 6.721234 6.697892 6.674748 6.651965 6.634876 6.617934 6.595693 6.573557 6.551649 6.529956 6.508457
8.011617 8.019703 8.00421 7.902086 7.833241 7.706478 7.764338 7.731052 7.76879 7.725646 7.70166 7.754197 7.723906 7.749171 7.641995 7.578733 7.638745 7.678857 7.608239 7.47992 7.440992 7.439543 7.495257 7.469634 7.385811 7.37932 7.368025 7.351401 7.320111 7.288693 7.258145 7.227807 7.197806 7.182502 7.193177 7.165658 7.143719 7.122519 7.09494 7.067461 7.040361 7.013566 6.987085 6.960904 6.935018 6.909419 6.8841 6.859057 6.834282 6.809772 6.785513 6.761518 6.73776 6.71425 6.690941 6.668017 6.650855 6.633744 6.611339 6.589056 6.567001 6.545164 6.523523
8.065011 8.077628 8.111005 7.95498 7.900012 7.830949 7.809042 7.756946 7.718899 7.681304 7.756007 7.887555 7.869623 7.797287 7.663575 7.609956 7.710514 7.696789 7.575744 7.55867 7.573373 7.559979 7.531088 7.441457 7.458426 7.437294 7.405975 7.373673 7.34159 7.310291 7.279514 7.249085 7.218698 7.189871 7.187048 7.184706 7.163818 7.142219 7.114379 7.086672 7.059347 7.032332 7.005636 6.979245 6.953154 6.927353 6.901839 6.876604 6.851641 6.826946 6.802507 6.778336 6.754404 6.730725 6.707292 6.684414 6.666805 6.64987 6.627118 6.604658 6.582456 6.560473 6.53869
8.071831 7.990297 7.997368 7.978268 8.012025 7.950767 7.896147 7.798765 7.760799 7.750823 7.67659 7.784208 7.779599 7.689718 7.643759 7.631771 7.693179 7.731177 7.688677 7.660399 7.633454 7.597717 7.557786 7.521155 7.494682 7.461522 7.428306 7.395755 7.363875 7.332269 7.301131 7.270402 7.24004 7.209456 7.18111 7.191769 7.183855 7.16225 7.134008 7.10604 7.078489 7.051251 7.024338 6.997733 6.971433 6.945428 6.919715 6.894285 6.869131 6.84425 6.819628 6.795277 6.771171 6.747356 6.724015 6.699786 6.664689 6.6657 6.643219 6.620385 6.598014 6.575885 6.553956
8.088913 8.059765 8.04804 8.100698 8.059755 7.977017 7.939039 7.84835 7.849676 7.810073 7.713069 7.724175 7.648697 7.639701 7.546809 7.645082 7.755145 7.759249 7.733472 7.696441 7.646101 7.583142 7.510124 7.549171 7.518704 7.48452 7.451477 7.419183 7.385881 7.355278 7.323374 7.292092 7.261329 7.230972 7.201098 7.185457 7.203351 7.182452 7.154005 7.125594 7.097789 7.070328 7.043192 7.01637 6.989858 6.963647 6.93773 6.912103 6.886755 6.861684 6.836877 6.812345 6.788071 6.764153 6.739197 6.686723 6.555582 6.664867 6.658944 6.636269 6.613684 6.591401 6.569324
